717 575 539 24 464 461 900 454 312 532 678 743 730 522 458 681 850 51 504 439 
352 670 465 547 915 837 931 388 294 322 30 211 171 296 928 339 822 481 476 144 
540 463 529 777 75 764 359 816 866 933 100 834 357 476 817 586 210 669 391 979 
440 836 638 510 553 53 750 728 508 91 943 720 48 269 999 152 190 318 146 897 
303 469 983 540 462 493 752 70 134 733 258 947 263 802 886 583 117 427 606 208 
666 589 908 784 534 432 752 371 452 786 977 724 878 83 463 276 931 281 246 957 
464 661 220 883 645 5 454 205 818 219 520 435 985 334 21 192 85 807 38 882 
780 831 822 887 777 719 741 403 109 232 546 999 135 605 855 252 545 757 528 17 
69 981 636 240 696 518 592 591 486 538 456 6 406 413 383 5 111 233 136 456 
883 339 870 741 11 629 89 229 235 971 562 610 448 409 914 328 879 396 742 886 
679 145 29 935 106 396 100 948 152 466 554 308 757 424 936 447 884 549 971 95 
996 157 750 905 154 488 737 42 623 130 22 5 75 436 598 36 737 708 615 149 
101 472 785 543 940 680 433 476 11 93 669 538 723 661 482 309 155 576 74 671 
94 407 794 899 703 900 123 854 930 341 374 527 621 757 510 616 255 60 321 141 
503 509 703 653 320 889 190 23 44 323 781 607 239 747 616 312 597 703 220 36 
630 119 27 26 536 39 993 624 838 419 528 314 473 725 481 177 772 619 276 270 
876 519 530 649 615 807 785 246 180 302 88 639 860 2 492 384 599 24 386 838 
602 676 253 890 191 118 530 485 606 689 411 763 99 246 953 773 792 769 101 722 
36 530 816 359 652 246 890 359 721 558 192 403 770 817 898 557 91 46 732 130 
894 773 698 542 858 959 193 292 113 954 404 791 446 737 309 835 118 707 380 967 
278 779 37 103 878 961 669 956 533 551 85 767 557 142 50 134 992 633 588 998 
306 978 429 290 153 957 429 811 451 538 324 249 807 734 431 664 775 756 671 823 
107 191 942 997 754 668 579 92 501 462 824 18 572 826 490 550 293 204 552 440 
618 793 352 805 539 455 471 689 83 986 351 149 31 672 310 59 261 519 669 527 
313 781 942 425 494 544 329 457 931 176 16 282 363 826 833 954 866 422 141 648 
277 499 591 183 217 449 551 298 862 463 903 504 53 214 333 627 128 14 499 387 
826 319 203 768 815 819 871 576 108 331 544 190 66 207 5 196 503 425 607 770 
190 404 907 951 272 297 815 743 683 482 216 277 898 995 923 275 573 558 74 809 
50 862 138 138 548 390 251 21 427 722 311 634 884 6 503 979 683 550 18 997 
302 494 271 551 532 315 30 283 85 425 250 578 867 607 265 653 290 160 415 209 
916 675 919 227 433 301 556 796 693 941 695 558 49 961 122 192 270 839 572 215 
112 334 14 70 664 910 622 838 244 461 393 105 899 300 199 756 331 921 129 331 
638 422 254 698 229 858 263 673 819 343 415 831 189 100 415 491 776 795 25 438 
371 301 515 613 391 365 110 838 692 563 792 72 782 626 687 864 457 531 159 257 
344 283 310 604 932 603 309 73 395 38 641 69 942 825 148 124 176 318 966 264 
868 289 847 530 318 399 338 145 893 851 546 233 175 867 360 110 733 18 216 841 
713 328 296 58 542 471 859 55 894 823 429 931 58 692 640 706 365 574 974 500 
313 826 128 681 335 751 326 100 65 427 696 307 779 103 628 301 529 745 489 845 
650 296 284 910 6 269 409 392 739 432 412 602 966 528 344 632 240 271 16 199 
711 205 812 310 640 485 702 639 881 821 614 959 243 297 971 682 0 810 507 403 
649 467 660 690 947 629 907 750 771 284 198 974 232 793 829 411 736 344 398 552 
814 101 546 652 634 907 977 831 408 173 413 115 534 857 774 485 665 401 497 116 
735 556 151 330 499 765 283 193 204 698 252 695 390 423 100 437 941 116 216 116 
607 117 185 857 226 528 466 811 71 876 530 906 869 840 116 115 696 762 446 569 
339 849 384 61 451 157 61 617 750 901 950 474 821 929 77 285 254 90 799 363 
661 527 694 783 67 337 150 584 87 256 326 170 365 247 801 354 148 734 718 217 
805 223 28 712 816 267 82 310 537 902 726 550 243 352 877 972 923 461 195 329 
177 551 434 421 970 859 632 149 482 258 629 357 544 720 722 743 674 82 232 869 
995 236 551 115 938 416 774 417 957 614 779 887 85 552 252 538 235 565 357 894 
924 825 554 876 337 482 888 727 250 462 991 153 173 347 930 515 177 688 746 621 
383 106 88 970 707 993 530 456 704 229 344 214 562 435 759 175 944 348 501 623 
481 791 630 915 309 477 407 309 400 662 193 112 811 235 656 625 484 676 757 439 
311 931 313 909 28 616 10 141 587 605 659 103 846 589 87 394 574 777 878 466 
664 436 251 443 312 48 909 845 471 535 157 777 458 199 335 882 499 800 45 455 
956 223 808 480 137 136 104 391 61 383 894 594 800 704 792 654 119 737 85 726 
428 36 921 707 704 777 139 446 462 947 638 589 826 153 53 170 458 616 626 194 
564 416 824 708 184 996 191 344 391 246 80 75 268 10 283 336 537 857 37 320 
718 617 997 270 742 99 81 532 690 278 869 882 802 674 692 1 505 671 793 370 
752 198 144 804 142 121 673 254 142 615 461 97 73 970 372 714 871 141 934 567 
24 432 784 560 119 942 338 0 529 921 446 147 451 740 180 698 282 632 796 541 
862 675 731 81 722 767 977 234 77 879 842 682 500 759 61 587 628 916 793 946 
803 538 502 44 966 389 907 21 0 105 324 606 738 646 286 911 94 294 766 94 
688 361 550 390 167 4 354 116 64 813 907 950 180 609 281 525 171 722 934 372 
849 467 200 345 736 46 152 403 703 745 961 885 657 83 762 379 384 509 360 322 
859 295 646 229 62 360 142 541 634 691 221 760 228 246 338 213 218 149 239 247 
372 838 987 456 631 294 998 280 823 452 743 638 606 708 99 246 928 847 111 68 
850 0 384 600 850 498 384 619 312 905 812 304 701 431 75 142 722 384 898 294 
701 839 902 288 592 146 242 266 35 420 786 875 11 569 622 717 970 183 259 834 
464 788 790 617 138 674 355 376 435 34 757 564 81 512 975 519 801 619 634 265 
717 32 200 450 701 999 256 39 388 790 851 851 892 644 679 24 372 321 297 542 
201 69 689 874 267 910 136 835 378 653 493 322 624 3 657 144 969 408 495 205 
216 173 552 685 204 843 101 381 475 723 38 583 917 295 924 418 412 536 226 766 
626 690 617 230 412 717 428 494 790 294 129 727 111 789 489 377 934 968 801 881 
525 64 754 467 869 738 887 258 211 32 661 397 81 921 927 348 816 391 826 596 
532 439 838 222 576 391 527 527 548 515 643 587 148 592 357 420 811 404 513 634 
904 797 289 539 904 682 999 981 652 303 596 104 28 309 424 18 587 97 35 454 
437 500 611 277 47 155 191 455 886 215 932 427 43 367 229 557 486 365 225 840 
512 639 752 397 37 815 805 82 273 93 115 806 458 82 41 596 239 433 943 615 
703 842 854 157 261 878 571 78 843 738 884 510 301 341 582 873 247 852 487 487 
769 161 375 185 858 944 924 67 515 706 966 425 797 404 112 751 197 994 905 516 
223 321 378 983 234 723 40 493 274 766 396 481 219 919 393 53 581 211 69 919 
979 86 884 744 328 703 426 777 572 516 96 543 267 850 225 658 303 464 884 472 
895 348 276 487 920 814 15 58 499 924 172 955 47 749 57 146 225 290 100 981 
417 306 440 857 310 741 66 575 580 3 380 51 349 910 761 33 639 893 826 177 
645 179 817 917 216 471 349 535 39 165 93 441 308 829 272 943 385 162 124 415 
450 454 454 493 269 372 602 824 992 270 610 409 746 680 172 725 989 629 359 537 
250 312 951 717 133 381 666 780 914 962 49 266 840 456 843 551 750 478 902 204 
140 888 191 11 994 420 292 636 182 429 889 333 34 859 104 938 557 555 660 901 
19 435 303 624 455 249 18 72 816 348 422 388 553 827 129 263 438 301 587 850 
460 377 313 365 496 222 337 711 91 613 567 101 516 398 240 87 382 673 653 625 
883 623 738 537 482 463 951 700 125 212 119 438 726 879 440 97 667 730 786 213 
23 581 899 962 379 812 98 738 413 632 226 802 600 85 314 682 20 236 459 187 
727 26 1 881 268 873 581 785 507 693 10 564 954 82 976 788 282 156 933 223 
956 862 650 754 238 807 733 32 273 722 187 307 149 758 537 66 847 893 786 172 
905 872 155 291 27 107 549 980 57 53 459 135 732 235 877 122 302 774 468 130 
192 561 872 437 918 943 846 290 70 845 373 330 676 244 947 795 234 946 643 426 
230 417 507 705 236 384 291 337 686 416 808 2 505 226 57 976 794 567 937 184 
625 928 631 52 333 999 539 883 575 254 250 269 491 535 492 37 509 611 83 856 
752 454 463 5 21 251 488 117 930 293 171 861 673 942 584 154 314 779 899 4 
363 751 634 446 223 750 487 181 437 213 647 622 251 217 729 909 323 77 411 772 
941 305 794 537 524 519 992 779 453 438 419 782 221 525 795 916 507 784 916 54 
686 159 877 140 864 320 256 426 307 905 579 948 67 698 174 67 501 659 423 560 
813 818 74 944 86 192 701 432 814 876 555 219 232 943 174 706 270 290 114 371 
182 301 944 374 548 786 265 483 697 890 340 616 83 670 426 162 437 272 591 234 
80 178 67 642 825 431 674 103 237 177 425 201 467 203 730 569 249 96 905 459 
58 876 248 164 950 266 225 213 298 813 442 353 633 594 469 699 835 549 480 372 
766 404 731 548 226 74 432 78 497 909 56 305 71 577 923 139 958 789 272 817 
541 231 198 77 266 476 665 407 638 827 970 880 784 451 160 450 68 745 748 700 
781 647 796 509 536 89 341 38 884 641 790 565 815 774 75 255 930 625 143 190 
920 624 254 716 379 942 730 54 680 882 876 28 516 719 326 896 30 804 214 77 
662 973 589 458 543 522 256 223 42 55 279 343 683 132 181 295 567 717 808 214 
294 748 985 677 814 285 429 1 976 947 293 799 159 617 827 367 998 156 431 108 
872 767 337 571 238 375 335 754 829 368 881 355 687 903 51 56 715 649 779 233 
39 108 996 5 164 853 321 109 226 882 790 63 462 209 164 521 674 745 804 556 
36 399 790 380 945 507 714 525 420 636 702 408 265 177 81 518 167 714 239 372 
125 350 262 263 476 742 497 178 158 930 411 118 525 66 31 530 471 856 653 307 
592 980 343 213 712 176 205 651 583 374 101 715 599 430 743 373 505 780 888 934 
170 218 254 952 255 305 452 220 206 774 53 579 519 171 966 281 979 195 831 811 
220 66 315 410 862 668 401 385 605 117 849 124 198 497 859 289 186 37 484 275 
408 685 530 76 490 375 723 347 515 616 393 359 351 631 408 835 212 135 139 778 
992 64 172 188 115 719 795 922 670 628 984 390 876 845 508 327 648 746 117 324 
775 961 289 982 943 963 494 3 720 38 830 57 810 844 72 743 496 668 597 898 
220 664 625 439 490 879 843 811 905 883 310 763 63 813 728 857 588 335 339 877 
307 883 619 285 364 435 119 509 70 496 75 290 811 175 965 163 139 937 198 105 
494 602 508 857 692 124 814 184 879 308 64 519 364 773 151 14 958 492 463 149 
571 420 235 961 115 411 452 484 326 76 439 41 181 166 344 206 821 374 995 722 
263 585 140 169 435 644 509 54 982 655 913 736 513 486 358 496 661 602 352 194 
563 649 396 938 593 825 34 817 386 947 151 952 188 621 929 940 73 264 812 539 
830 244 396 678 24 344 460 575 743 662 351 492 675 70 478 445 583 274 449 339 
635 987 665 913 727 322 909 120 604 769 683 93 517 99 426 94 6 472 61 597 
516 486 723 987 565 661 989 161 633 425 279 291 897 542 658 438 415 807 145 636 
206 359 947 133 60 204 169 976 141 184 881 754 593 418 90 926 913 500 40 551 
454 870 866 138 507 188 522 311 180 412 125 288 367 530 700 795 329 295 610 957 
724 855 679 264 56 18 500 198 712 573 712 262 151 722 907 215 650 405 81 411 
183 153 385 590 582 682 774 78 663 556 157 77 60 764 184 364 72 61 819 867 
265 391 822 39 522 3 986 499 284 201 967 338 742 797 652 619 963 280 969 167 
91 619 570 783 764 185 861 321 346 5 798 100 420 834 456 113 65 722 503 910 
683 953 779 789 572 563 704 170 94 82 124 341 807 868 425 396 764 293 211 421 
669 58 540 10 106 846 903 973 668 335 49 935 431 331 86 876 614 344 971 905 
944 985 512 369 162 600 257 411 69 96 405 208 833 874 38 348 258 507 722 667 
681 515 497 310 655 145 496 342 206 789 238 128 256 950 213 274 972 93 115 965 
925 666 418 787 254 558 404 971 428 193 211 498 618 916 911 572 563 265 49 884 
379 226 177 320 550 768 507 641 214 845 7 601 431 907 425 750 581 430 566 446 
408 344 400 563 919 340 939 737 371 629 825 989 861 735 811 833 963 598 178 541 
327 566 757 968 760 555 643 712 85 26 643 214 607 768 58 677 486 641 349 924 
143 307 408 938 541 77 518 426 870 130 745 375 607 650 309 658 98 482 720 850 
270 99 573 818 672 641 225 521 849 53 261 894 488 669 45 499 234 458 328 500 
495 955 466 495 119 472 726 670 940 857 576 827 801 847 178 283 867 899 909 191 
0 327 450 351 558 682 561 767 684 72 90 398 839 424 867 348 782 855 729 109 
94 910 402 100 733 456 635 969 233 615 853 645 857 127 45 102 47 378 748 558 
564 93 76 33 748 795 445 335 748 377 854 254 449 242 592 380 122 788 7 179 
353 923 74 566 270 868 990 131 501 157 366 714 9 843 142 29 81 387 431 951 
329 525 757 26 900 54 272 404 649 925 712 554 892 328 20 424 14 416 189 63 
703 19 678 400 547 392 263 649 771 584 563 645 998 3 750 752 423 840 611 236 
689 698 516 213 288 399 715 716 794 82 594 394 822 724 454 507 635 566 769 29 
532 138 79 193 690 499 729 633 75 466 209 123 314 82 613 845 831 535 383 729 
241 394 44 331 264 704 196 713 192 564 642 482 923 865 188 858 734 917 709 813 
151 627 473 641 525 807 241 849 816 199 448 472 683 864 732 651 288 919 145 722 
530 338 451 192 48 413 602 464 689 73 595 539 795 314 245 391 945 584 297 730 
852 761 909 512 840 684 274 841 155 697 277 263 658 824 883 750 20 31 537 324 
507 303 643 3 232 425 403 997 966 269 28 936 394 116 431 978 665 31 566 262 
211 198 608 87 510 638 284 925 566 565 177 774 300 856 461 735 925 383 28 571 
836 238 340 250 906 760 486 182 733 759 928 450 879 879 817 972 721 612 812 588 
191 160 209 709 413 498 312 204 186 212 472 783 36 315 183 169 165 20 514 531 
84 477 799 276 591 98 161 947 80 794 516 556 941 329 826 282 349 374 46 293 
871 304 822 564 205 4 934 292 26 826 155 921 455 474 205 556 628 513 792 839 
77 448 332 981 714 414 188 133 4 685 629 984 149 347 136 864 376 562 321 396 
121 937 856 809 973 20 824 284 277 610 206 261 823 286 12 494 646 593 959 229 
275 773 918 205 731 397 508 196 811 923 424 128 162 945 266 371 694 69 689 17 
674 711 331 320 966 236 732 295 719 872 307 794 913 968 889 989 642 806 235 23 
704 240 442 313 638 275 538 110 139 555 647 798 500 503 831 142 475 675 483 66 
999 325 367 541 670 44 333 312 681 62 885 137 407 418 233 414 348 181 325 19 
987 864 508 768 210 969 641 647 549 729 683 284 22 159 549 742 155 763 468 21 
32 181 994 356 431 271 235 536 173 520 254 114 846 363 894 714 108 231 434 780 
84 208 562 680 706 646 227 692 975 332 92 605 815 316 834 982 752 64 473 423 
535 748 220 434 21 867 782 362 506 704 850 741 137 366 241 548 749 121 514 944 
130 175 662 727 71 681 716 111 274 350 394 226 636 850 318 347 207 642 36 544 
333 868 569 289 923 445 191 896 622 290 793 841 548 395 682 924 79 93 385 632 
829 56 568 274 524 712 453 406 332 935 408 270 989 875 470 905 122 900 310 837 
414 152 186 984 86 618 616 907 431 665 857 688 642 861 377 766 21 520 193 491 
717 674 466 417 256 869 171 628 807 866 772 659 219 611 11 996 64 379 207 493 
264 411 420 680 169 663 95 775 497 56 146 737 608 539 201 43 696 130 326 755 
281 233 178 521 448 332 397 294 192 198 857 209 329 109 26 800 24 805 648 84 
400 938 423 841 951 890 422 844 644 2 560 141 472 568 248 759 818 113 904 318 
112 44 852 689 850 438 202 31 985 847 13 814 256 845 570 450 618 535 362 388 
284 965 697 363 772 655 286 583 595 819 364 227 695 99 65 202 668 606 677 614 
523 565 357 29 67 592 705 309 176 803 298 185 577 260 368 557 502 494 251 374 
122 146 113 46 669 764 719 198 398 956 915 276 575 415 898 664 216 293 613 650 
817 164 937 854 794 261 175 114 141 301 689 391 519 159 454 982 227 887 232 765 
968 130 884 842 932 605 274 64 864 891 350 960 733 843 566 953 287 177 452 451 
866 508 262 64 987 448 964 572 24 301 298 398 850 367 56 88 386 791 942 980 
482 466 243 55 741 513 360 915 417 49 504 775 780 459 523 697 501 279 652 375 
340 284 39 466 597 507 102 117 353 77 782 269 550 626 590 472 120 292 848 811 
623 211 443 551 915 786 376 3 117 906 331 440 920 798 157 513 536 222 504 289 
714 783 490 266 932 579 885 539 78 54 446 122 657 905 813 34 231 34 844 102 
668 723 20 607 899 89 244 954 76 248 940 222 44 214 649 108 733 669 433 607 
216 349 154 735 816 666 661 969 385 961 73 753 601 720 774 507 645 783 246 381 
399 922 59 553 775 584 965 178 904 233 506 821 597 179 627 179 939 629 309 891 
656 544 325 357 68 187 80 28 687 254 762 260 772 410 316 485 108 631 260 429 
406 277 880 813 213 527 106 621 714 996 43 130 324 976 217 721 142 779 699 316 
944 96 207 228 0 249 601 703 634 1 711 989 813 106 762 774 985 592 720 638 
838 334 888 267 830 895 253 830 598 216 127 304 336 116 118 568 205 503 840 922 
337 328 381 161 943 625 706 384 759 256 715 214 550 507 372 912 5 927 289 3 
596 818 132 723 640 802 455 429 50 605 163 412 202 458 688 354 228 800 158 116 
546 150 155 204 474 515 526 697 913 607 68 505 536 737 681 554 95 626 226 142 
511 585 968 933 836 689 398 151 338 201 375 234 815 586 66 408 938 886 352 277 
243 758 152 240 667 189 247 272 405 508 862 441 877 541 391 502 311 764 937 545 
563 994 812 721 200 92 750 964 655 52 584 333 682 350 291 751 12 526 575 443 
898 584 612 166 211 168 538 231 860 179 79 631 199 181 199 658 260 412 937 949 
344 205 999 569 774 334 286 991 676 396 839 355 599 974 381 870 657 225 783 415 
642 110 185 450 388 57 230 76 484 506 937 86 806 441 573 944 295 878 360 319 
73 279 23 322 227 710 422 673 903 74 240 447 281 948 38 914 284 53 875 568 
822 551 183 733 615 153 17 746 182 366 787 968 861 24 545 213 431 576 114 174 
718 906 523 206 25 535 8 342 886 667 300 518 852 401 762 658 197 331 85 216 
298 862 797 809 848 541 627 391 249 573 184 78 878 281 681 597 355 463 581 463 
971 994 713 797 614 897 580 270 752 800 959 154 436 182 904 427 313 343 927 5 
955 611 15 496 5 287 337 316 142 2 598 644 858 426 524 301 307 96 427 617 
22 985 864 383 83 822 42 742 616 239 371 466 213 124 808 413 269 380 549 546 
955 873 555 126 715 491 643 720 363 268 216 922 65 836 992 520 655 495 731 81 
965 939 624 740 149 686 187 757 613 616 411 799 288 548 532 92 486 13 24 531 
70 599 979 50 785 747 39 900 960 895 381 948 40 685 853 515 517 163 824 95 
62 347 452 540 567 179 496 599 660 952 281 169 181 791 100 968 92 333 668 420 
271 167 750 489 674 316 196 808 69 329 583 867 718 61 240 97 680 367 769 110 
572 796 71 927 910 998 850 357 444 881 817 0 787 136 488 949 403 39 291 355 
179 178 143 922 927 542 311 213 601 462 789 962 567 402 17 56 332 818 623 768 
377 209 924 351 404 144 825 291 145 592 283 219 689 917 306 748 881 175 472 265 
612 498 117 203 299 688 785 362 748 533 625 162 505 268 862 137 643 681 650 345 
830 846 284 185 598 969 758 776 82 174 501 813 545 489 200 216 506 711 701 677 
392 710 257 603 686 306 543 120 23 753 434 583 465 737 678 364 835 208 308 543 
581 356 908 512 766 901 304 794 236 824 670 322 655 61 967 866 391 171 614 313 
920 50 539 886 603 801 816 357 23 489 115 992 199 602 942 970 269 645 347 136 
775 441 260 945 858 282 626 600 869 311 460 223 711 475 443 774 107 870 788 20 
714 348 461 708 609 623 891 124 742 616 371 619 29 348 615 913 784 53 692 324 
910 470 970 680 395 915 211 174 385 680 720 536 620 305 976 451 260 266 10 166 
31 160 534 490 214 696 775 155 841 966 507 503 389 528 998 4 436 404 563 422 
157 495 173 577 150 96 949 84 680 677 989 543 450 836 813 870 784 396 123 622 
437 365 0 704 951 893 905 772 226 29 571 960 688 180 979 840 639 370 484 184 
171 63 626 264 702 652 607 823 813 266 940 755 837 42 987 440 94 646 554 656 
318 254 658 705 553 197 473 45 352 829 877 430 351 999 82 592 956 368 902 284 
148 649 314 786 536 238 172 94 321 857 547 511 959 295 906 380 408 843 961 935 
711 18 936 143 915 663 629 816 538 888 336 598 950 25 301 506 191 175 842 691 
984 735 450 289 558 352 977 415 918 479 481 47 374 306 196 818 336 294 203 712 
707 868 134 284 922 938 461 659 152 758 406 431 444 321 872 432 986 769 656 882 
826 599 346 172 389 203 242 824 165 964 243 383 412 949 640 431 616 532 321 87 
397 644 928 385 908 485 621 633 275 411 615 262 188 461 604 127 963 438 778 472 
962 577 462 957 767 449 318 606 56 479 914 115 670 167 520 34 592 701 9 151 
849 588 109 371 605 991 270 752 535 724 396 179 135 637 541 515 579 369 751 250 
419 891 544 562 569 649 486 265 329 736 83 264 901 293 52 272 220 879 634 910 
172 452 808 769 637 249 661 1 816 998 645 442 120 104 715 106 928 321 946 839 
190 725 164 740 710 271 938 830 257 180 950 490 167 533 77 473 731 579 745 310 
911 998 54 671 120 126 203 843 434 702 907 460 95 638 309 140 556 944 152 388 
717 317 979 403 210 25 156 164 226 628 448 667 687 322 691 297 761 262 984 502 
312 458 730 935 276 42 4 584 344 954 430 627 911 244 217 585 453 967 813 121 
472 229 161 783 664 603 851 623 93 646 73 226 873 236 431 248 974 801 313 143 
441 691 628 402 999 48 432 766 670 383 8 265 903 580 317 163 291 384 184 826 
548 784 223 793 893 668 74 256 508 379 734 218 143 461 489 978 381 113 823 392 
871 977 517 923 727 946 780 799 943 264 992 721 564 474 386 392 845 298 915 759 
279 376 33 696 675 783 111 259 306 423 632 239 991 669 236 296 998 656 686 10 
460 989 165 533 663 118 554 313 591 422 793 124 694 152 716 794 420 393 940 788 
797 562 601 340 359 363 948 528 14 941 675 605 539 518 245 893 909 482 686 868 
462 784 133 968 9 435 789 679 226 778 313 518 727 179 907 751 997 411 22 866 
455 792 586 415 874 795 361 74 908 632 480 89 711 344 551 242 488 321 460 848 
565 572 685 272 439 520 766 15 395 613 250 734 471 571 532 833 556 212 528 756 
118 463 902 334 988 510 711 307 244 203 979 285 910 158 866 819 197 666 129 773 
665 985 240 198 832 237 129 202 366 377 348 490 234 239 657 454 404 675 165 163 
932 303 561 533 124 368 782 566 969 297 686 384 382 760 487 191 849 814 961 963 
250 346 307 237 569 288 881 87 999 141 352 985 752 214 925 625 232 250 483 258 
572 390 859 233 50 384 841 132 843 158 116 43 847 159 550 900 674 538 53 898 
742 733 834 589 449 825 528 384 489 69 135 887 365 55 577 495 101 522 36 467 
517 261 418 395 493 304 269 952 485 749 319 806 760 956 985 664 846 158 562 659 
775 535 258 12 556 470 504 603 128 287 929 892 815 107 426 763 917 717 312 344 
178 745 325 523 645 528 838 842 311 535 723 553 202 577 30 369 826 874 39 316 
186 237 192 208 761 120 973 378 542 319 878 597 10 718 760 787 614 387 312 858 
525 875 674 731 507 339 209 104 238 874 88 579 723 918 688 855 692 484 91 33 
721 476 825 710 780 924 744 820 650 148 145 857 943 161 352 577 657 414 909 998 
864 144 289 664 884 321 99 680 951 519 84 775 500 6 823 20 369 219 901 174 
57 714 727 927 637 283 198 802 780 376 664 246 88 723 787 866 275 421 991 475 
266 74 991 677 857 475 433 39 432 292 894 890 676 599 803 723 152 120 81 606 
397 251 59 909 375 947 694 506 363 876 285 834 606 899 358 834 160 365 334 918 
937 661 820 800 202 602 469 381 647 456 916 982 795 742 869 462 196 752 626 159 
377 557 789 595 18 276 927 367 239 674 560 218 164 679 816 991 795 203 245 374 
826 371 118 178 350 72 152 319 872 674 471 426 639 88 663 702 862 619 483 420 
624 780 797 370 706 299 216 807 775 98 931 118 937 81 302 465 671 147 922 464 
266 81 780 931 468 237 186 972 275 642 10 928 466 114 319 519 698 304 628 690 
159 199 518 132 773 330 589 676 757 86 476 595 786 405 450 857 345 524 760 164 
704 655 531 316 382 484 748 608 52 541 630 29 122 634 583 881 973 230 603 131 
608 689 302 277 384 678 41 108 909 685 135 679 445 572 40 799 451 986 365 830 
296 228 836 11 73 211 591 932 418 725 472 405 312 275 472 489 861 300 617 381 
496 136 720 557 803 368 495 618 841 859 801 713 967 644 527 842 274 490 819 798 
834 592 524 402 958 78 641 844 24 431 281 164 138 814 739 709 393 850 897 36 
489 329 810 192 681 668 559 522 456 944 742 863 263 437 894 515 25 314 891 369 
762 904 339 200 492 29 71 760 143 196 446 574 489 372 494 380 60 246 220 76 
40 331 879 150 289 237 384 160 458 645 884 726 505 77 829 26 213 614 949 669 
526 645 845 79 563 874 846 492 114 457 70 248 612 20 173 92 270 497 832 776 
824 952 941 219 999 912 64 666 349 850 494 573 92 269 72 584 431 172 442 689 
90 141 404 877 451 204 385 296 648 87 583 596 923 99 430 97 300 199 324 935 
877 231 872 16 940 972 301 985 972 122 282 770 317 42 256 524 229 681 931 474 
943 249 412 107 715 630 142 176 238 100 161 441 468 703 980 413 707 26 213 129 
458 492 181 640 665 201 392 308 83 773 579 748 681 982 673 822 857 306 223 751 
495 70 326 49 186 192 225 356 579 768 760 193 625 803 77 146 320 256 853 606 
76 247 216 180 472 957 380 45 628 101 167 455 758 164 844 647 328 540 441 310 
587 596 862 72 906 717 328 777 778 680 878 49 432 318 84 402 468 608 590 567 
76 209 127 863 796 40 475 378 349 106 578 915 771 47 407 759 124 188 575 661 
310 313 749 830 839 956 77 527 131 502 95 973 338 268 839 192 688 649 947 947 
865 930 941 682 252 186 554 197 567 78 649 333 36 524 944 629 378 40 908 3 
239 271 887 638 317 904 391 761 58 79 796 545 188 500 418 300 693 211 968 891 
148 237 200 202 852 47 448 685 824 434 944 221 343 147 534 426 5 419 294 603 
75 482 990 693 327 55 89 561 838 388 281 601 778 192 298 387 967 452 749 726 
882 218 907 445 844 426 499 531 163 103 878 622 985 842 232 94 681 517 81 968 
440 579 629 878 761 990 297 809 132 905 839 274 951 152 404 581 148 4 823 327 
173 691 589 593 814 207 267 317 347 22 179 129 98 946 116 530 329 825 275 635 
411 872 142 870 823 748 858 706 514 377 210 822 350 903 532 469 898 761 807 650 
884 152 288 61 188 15 117 927 643 640 825 370 180 720 657 85 754 198 118 543 
971 337 940 209 467 139 394 609 420 752 300 172 476 244 126 652 167 684 513 386 
558 827 962 694 128 576 817 509 929 446 848 450 865 813 725 240 462 15 985 14 
36 493 930 220 3 546 605 269 266 608 616 326 859 994 824 158 951 706 558 990 
923 580 135 195 83 27 12 690 198 363 999 555 786 662 152 689 810 58 455 313 
565 579 314 649 489 197 129 491 959 669 320 937 545 209 653 419 593 804 59 127 
468 767 486 49 719 5 391 196 632 461 290 199 384 221 391 283 856 476 22 828 
242 929 279 478 761 387 424 706 908 569 784 841 758 187 76 416 962 632 807 452 
901 417 311 144 660 990 206 181 992 320 927 642 431 710 346 300 933 620 129 511 
83 40 916 445 719 871 593 751 419 185 832 122 978 40 142 75 336 406 321 855 
930 663 228 884 239 372 938 884 421 858 32 163 254 75 614 814 692 747 679 790 
75 438 634 662 382 656 223 561 973 125 798 768 93 426 356 843 152 571 975 429 
207 39 285 701 566 593 80 306 183 192 92 678 225 233 580 855 97 43 650 274 
602 331 438 713 298 978 169 982 741 332 577 696 205 81 391 270 10 345 248 609 
391 564 714 199 173 9 79 669 500 960 870 829 871 576 544 505 127 901 569 174 
347 509 904 700 559 50 976 653 354 149 255 668 212 441 311 9 72 269 508 170 
198 846 917 483 972 13 390 449 254 228 885 163 164 791 315 18 803 297 550 579 
214 956 277 915 167 309 236 474 384 655 744 139 191 895 245 899 642 88 518 640 
119 208 796 100 159 699 676 714 403 318 210 112 215 782 226 109 7 178 728 301 
584 566 174 691 640 210 127 846 160 619 209 967 248 840 104 314 612 583 889 107 
750 361 708 795 60 707 214 499 644 735 149 136 989 538 381 423 168 415 258 35 
654 252 943 574 939 267 959 468 580 397 523 846 701 122 611 973 998 411 160 356 
687 883 209 731 697 707 988 730 95 278 152 51 493 701 8 860 343 387 403 939 
966 155 186 66 735 745 913 469 820 942 417 513 134 512 509 16 883 737 820 490 
365 855 207 654 660 276 892 17 845 775 58 974 218 475 221 928 796 126 188 212 
398 876 377 521 452 421 233 92 267 428 973 375 155 578 944 475 915 891 586 30 
220 527 205 462 561 339 710 615 524 73 365 73 916 925 632 493 30 394 221 401 
114 645 279 619 32 399 235 787 563 521 820 139 708 883 475 699 65 493 235 104 
952 378 796 493 567 866 46 797 654 967 664 327 999 850 306 171 28 718 840 573 
986 742 824 840 941 603 622 388 581 584 117 626 575 817 881 159 622 537 450 592 
107 52 108 126 811 340 357 546 568 384 871 386 347 193 566 651 16 591 980 874 
498 556 644 670 281 311 675 560 433 916 717 295 30 617 983 229 980 708 9 509 
539 459 327 953 651 652 752 423 956 271 78 140 58 721 375 820 423 66 123 664 
129 41 152 345 525 774 74 708 252 216 806 855 990 993 25 179 684 422 589 954 
178 747 724 811 508 455 376 75 744 204 217 310 149 18 328 975 394 851 285 508 
683 122 260 630 895 712 205 607 5 407 20 373 329 339 150 454 177 734 141 300 
220 59 909 443 709 549 560 904 597 929 407 981 335 352 691 210 928 562 459 886 
791 648 958 295 681 352 939 742 703 598 743 846 220 721 431 718 642 940 663 413 
253 766 818 422 658 828 850 460 921 469 499 608 224 943 123 360 738 768 565 754 
273 919 918 90 807 420 671 664 787 326 188 806 178 571 780 464 108 141 995 732 
168 43 852 772 570 461 667 770 397 789 546 979 844 706 442 663 205 910 404 680 
64 906 424 874 420 305 678 682 915 947 420 473 591 875 239 715 637 506 245 210 
249 829 363 313 994 261 58 990 567 854 223 879 402 482 395 201 348 838 248 757 
929 430 86 620 573 4 964 484 544 375 19 163 814 290 543 755 306 721 551 55 
276 668 144 477 344 453 397 396 865 564 346 80 773 677 760 596 195 688 683 0 
187 266 883 363 309 482 504 18 908 823 602 793 340 984 767 329 978 51 926 859 
499 18 715 612 848 610 412 922 696 630 708 590 310 445 470 570 341 471 316 149 
545 133 0 701 695 578 44 468 632 804 749 245 706 255 685 793 936 676 280 70 
476 286 167 455 202 774 684 105 214 768 333 141 968 821 668 66 510 514 582 797 
19 376 139 467 407 245 238 398 528 228 341 607 399 24 843 739 926 415 628 776 
696 101 865 857 473 350 101 665 808 536 342 165 626 495 568 229 914 475 175 380 
493 912 539 53 490 196 641 921 626 431 912 646 180 646 41 338 437 87 762 65 
382 68 868 755 486 490 780 26 233 577 719 98 713 977 90 489 468 603 49 961 
990 645 182 876 521 794 108 496 547 394 84 859 879 822 896 696 941 983 487 74 
70 167 680 785 915 503 178 787 214 795 443 388 19 19 751 809 504 387 204 882 
35 70 3 894 643 886 442 756 649 503 440 686 520 381 216 80 67 403 490 306 
534 469 86 442 25 576 971 118 72 17 47 993 677 907 727 811 482 869 713 574 
810 339 592 894 376 963 913 32 522 187 987 431 702 842 828 699 862 940 930 499 
633 954 14 428 794 601 664 274 597 57 735 734 166 681 399 521 892 945 401 97 
639 433 61 105 382 808 867 445 164 567 451 903 987 687 65 196 553 144 725 202 
883 723 418 925 311 251 53 648 718 39 736 834 554 315 376 761 164 481 596 75 
178 745 95 538 863 152 48 480 667 128 864 76 396 820 795 779 845 135 250 146 
430 174 328 747 788 611 100 855 874 187 687 155 928 594 462 942 988 269 930 569 
87 513 927 95 657 283 17 31 446 23 654 912 299 492 399 213 332 391 136 634 
192 472 467 126 215 834 48 136 410 639 265 694 685 19 107 788 113 263 822 826 
340 898 968 98 757 355 135 16 562 97 126 371 796 326 922 603 918 250 693 402 
714 380 27 192 269 270 259 402 836 362 600 484 62 111 97 415 700 801 998 115 
327 768 676 825 992 191 314 74 998 992 669 580 571 758 241 343 32 955 281 746 
898 395 864 196 693 312 449 64 417 624 877 807 90 740 203 852 548 258 100 205 
421 277 519 998 653 787 354 530 941 824 267 652 996 858 710 330 392 52 168 500 
659 294 11 332 859 181 786 494 390 167 320 761 5 386 988 311 793 165 168 82 
276 999 122 207 58 534 122 591 327 411 901 276 570 269 994 337 186 163 315 885 
376 238 902 993 574 733 860 127 214 339 833 662 630 430 182 292 634 585 436 163 
515 69 802 895 758 684 304 574 168 518 644 649 825 775 357 947 798 800 887 151 
372 436 391 415 370 903 287 42 510 690 643 333 514 306 221 422 992 426 774 972 
212 446 831 435 450 530 87 383 127 129 557 39 884 802 464 820 176 264 548 850 
861 210 553 30 198 234 551 944 736 65 356 99 807 979 738 915 889 7 610 934 
321 634 629 774 525 228 333 766 577 963 279 203 327 951 860 357 447 262 384 38 
612 152 122 698 215 749 197 552 248 390 799 408 450 290 832 829 535 26 861 549 
340 47 62 774 173 242 148 291 756 700 584 840 174 151 263 386 14 453 778 67 
791 543 182 484 900 673 630 3 546 884 570 640 81 396 218 562 894 323 587 216 
397 157 750 509 669 814 325 651 324 385 783 203 941 851 102 251 830 191 759 281 
655 10 330 848 728 954 803 824 915 883 0 691 186 306 451 693 42 37 506 692 
112 906 790 497 354 608 793 436 481 83 155 511 117 828 830 692 218 32 608 840 
50 128 26 148 788 721 295 370 859 700 591 813 586 513 805 972 542 863 605 176 
636 423 793 260 653 907 718 797 102 240 699 681 813 411 962 893 106 508 858 233 
690 668 716 727 570 228 412 213 786 113 779 15 391 651 851 120 837 333 922 194 
173 322 338 676 180 605 456 939 892 369 916 773 959 483 672 554 896 213 861 59 
453 532 371 368 618 733 775 244 247 411 561 324 302 316 62 408 517 493 44 641 
211 842 820 36 321 906 605 53 477 155 207 376 911 50 860 59 806 774 982 272 
851 126 805 34 209 863 143 790 122 610 77 292 902 62 588 22 360 914 9 857 
537 877 937 281 921 274 544 89 682 942 160 635 80 444 244 45 854 203 357 686 
219 942 101 63 117 764 42 60 820 697 37 309 306 269 812 456 937 564 141 330 
823 5 964 22 758 246 287 253 46 105 679 519 262 384 706 528 88 214 671 502 
606 665 657 858 634 818 96 605 346 423 652 293 579 28 787 681 405 701 765 425 
368 7 127 273 565 888 909 671 824 579 307 187 620 904 725 591 376 76 789 151 
689 413 805 899 616 977 294 811 469 888 96 738 716 878 683 885 671 781 774 350 
876 323 677 748 857 488 752 773 469 963 858 847 976 701 608 476 678 118 347 476 
95 102 46 775 67 287 836 851 517 145 556 594 645 742 551 840 74 704 68 540 
392 695 545 933 142 975 724 991 283 9 618 461 587 89 273 761 172 400 809 458 
502 275 97 309 306 500 431 912 657 56 119 971 705 624 56 208 748 139 170 588 
265 884 445 806 407 112 319 327 327 683 796 251 954 147 819 575 347 325 326 899 
917 727 10 251 976 862 104 960 585 777 851 980 999 734 970 878 253 811 545 978 
445 967 27 261 593 722 339 112 800 10 444 530 631 887 660 971 854 194 136 270 
141 457 253 127 710 454 539 534 212 346 734 394 909 684 704 849 836 406 321 279 
10 249 800 325 734 151 415 132 298 698 874 242 528 964 520 324 861 702 998 653 
69 325 488 662 487 329 761 631 330 592 316 76 632 499 844 523 90 887 433 605 
580 519 236 3 555 992 150 44 764 37 932 140 767 572 61 206 187 464 870 710 
811 352 534 448 866 585 294 693 491 839 532 975 981 402 416 170 493 758 221 398 
276 315 964 458 946 591 294 932 98 784 977 286 16 743 229 907 457 929 607 890 
426 576 110 394 396 225 572 455 774 927 238 371 563 760 384 24 174 638 915 845 
619 281 993 280 72 35 850 444 764 21 975 731 542 504 455 725 729 630 369 521 
223 841 521 890 340 124 518 350 716 417 772 364 695 315 565 868 339 182 125 924 
851 715 94 551 416 856 209 936 197 391 974 592 663 830 46 756 396 295 431 435 
227 313 832 775 349 543 382 553 266 350 510 314 935 397 395 783 86 240 898 940 
863 350 525 917 542 205 141 177 765 761 923 536 59 228 417 310 613 987 796 96 
836 229 204 295 471 586 48 811 754 17 172 985 31 946 428 0 5 421 253 0 
94 539 298 236 261 212 197 306 367 736 734 745 121 114 369 650 995 633 723 810 
12 993 261 30 854 683 60 136 891 224 952 714 343 11 827 72 40 831 501 811 
268 246 790 75 426 125 515 108 588 188 597 284 682 194 286 908 27 432 301 878 
200 501 388 750 481 930 824 675 300 567 8 440 283 38 362 382 982 989 971 501 
409 34 278 922 750 859 486 323 790 363 999 801 860 660 370 877 787 809 263 398 
106 650 520 754 460 462 51 291 181 724 489 68 626 19 949 276 128 675 223 922 
463 11 273 274 496 789 825 806 389 62 465 385 217 762 419 720 856 704 961 146 
343 257 404 457 23 55 228 82 654 548 207 993 143 744 749 688 659 424 267 890 
656 171 878 803 321 262 515 179 374 546 700 850 253 268 174 726 393 190 1 170 
866 365 39 929 237 762 481 692 62 85 862 353 339 446 293 845 267 30 198 146 
694 374 612 332 318 349 909 800 839 768 125 631 459 926 135 66 234 330 102 958 
112 508 363 826 430 33 936 494 366 858 213 742 809 867 776 7 179 845 538 786 
778 734 728 39 58 782 871 147 397 846 140 181 377 109 410 885 234 139 533 455 
322 753 959 263 790 72 9 852 403 546 645 426 936 862 905 530 750 167 903 253 
534 471 466 82 657 288 995 444 134 644 317 527 303 709 190 180 717 103 863 99 
414 461 630 568 587 529 258 497 247 64 542 944 301 806 850 940 609 429 230 356 
58 652 256 463 638 166 240 69 519 439 698 3 172 278 316 541 547 408 353 124 
725 138 221 114 131 673 634 988 888 61 114 584 246 171 822 342 582 778 870 916 
898 856 2 612 494 438 112 777 478 537 799 850 825 267 724 70 767 569 827 553 
774 230 232 30 715 41 686 733 320 650 424 878 873 498 374 463 659 827 83 579 
286 326 172 140 274 548 187 290 497 519 13 916 12 434 824 470 328 166 329 996 
498 870 598 222 769 573 311 652 339 783 338 964 491 941 248 482 569 293 938 895 
922 682 439 221 273 615 714 89 958 50 896 514 158 206 511 154 460 889 118 530 
439 856 416 283 619 688 378 154 596 495 816 876 953 513 395 27 621 167 846 943 
324 29 105 928 268 411 333 986 897 87 296 706 254 584 436 833 48 702 348 695 
405 896 854 402 46 838 135 758 585 1 283 799 922 271 340 437 490 683 886 975 
40 637 624 116 8 414 941 781 161 950 676 663 276 922 436 280 969 776 420 328 
388 172 746 994 328 544 795 962 186 208 883 249 698 612 845 647 390 313 524 704 
191 466 923 643 111 979 298 959 35 583 514 902 646 722 772 343 127 681 628 750 
340 848 84 575 222 148 206 515 246 931 665 818 145 649 616 242 48 925 296 294 
867 43 417 211 672 674 782 231 750 112 200 770 934 453 208 130 508 214 692 193 
587 363 732 514 575 731 253 93 847 830 173 550 170 76 328 468 936 500 555 985 
173 871 679 318 578 318 489 265 997 912 559 177 114 689 213 289 650 776 368 851 
498 984 491 631 887 666 257 684 145 584 754 110 685 284 433 177 344 954 117 437 
976 108 495 218 461 669 411 350 8 144 699 965 387 354 0 312 578 629 410 889 
392 366 162 677 117 817 334 155 462 323 101 509 509 337 995 861 723 583 823 706 
907 99 484 602 361 660 269 314 347 381 500 372 167 662 916 472 77 229 525 854 
862 368 337 290 437 894 989 673 621 623 993 380 147 434 468 27 893 70 985 228 
75 170 975 748 725 808 504 684 790 111 583 127 863 249 72 156 215 445 443 15 
569 198 121 197 535 75 898 456 454 200 958 287 721 308 786 585 946 53 70 75 
255 193 125 857 18 38 676 962 307 485 62 967 449 930 527 692 263 247 224 432 
908 882 650 898 790 244 623 13 871 627 109 653 248 498 732 482 37 327 403 668 
490 110 750 168 765 660 114 275 763 775 396 755 279 932 575 110 328 952 676 181 
539 747 471 761 393 114 495 162 27 388 94 876 386 248 218 282 251 445 676 991 
548 313 407 483 56 78 667 842 233 778 106 500 79 774 122 920 91 33 237 850 
89 942 477 359 94 891 844 999 806 555 659 66 441 887 681 462 654 800 214 192 
409 896 577 168 153 122 687 754 589 775 53 290 953 459 400 536 859 631 578 260 
715 176 792 828 42 279 914 564 418 26 90 661 70 316 489 409 747 585 838 598 
608 228 704 481 42 92 830 461 403 660 805 804 267 10 762 316 32 715 537 918 
82 669 589 859 514 877 513 704 381 473 670 892 19 344 294 448 476 209 321 598 
293 466 413 388 375 443 539 907 634 410 719 211 616 551 825 338 580 786 522 325 
893 12 401 254 166 908 823 238 536 627 79 284 641 674 562 263 415 842 281 921 
152 715 901 620 380 482 332 289 653 549 892 567 661 409 61 169 9 70 866 692 
661 680 665 567 104 202 611 3 921 254 734 549 898 816 953 345 428 20 927 9 
660 501 39 215 148 856 339 304 517 47 433 137 291 314 759 830 417 339 426 904 
359 945 991 391 265 960 555 377 514 103 153 506 609 346 275 612 587 456 275 424 
505 656 570 462 955 296 392 866 860 670 141 591 120 930 39 688 724 995 589 965 
550 954 68 659 821 620 256 127 297 67 797 12 565 7 758 43 948 769 486 642 
258 913 861 176 61 137 749 88 756 369 205 916 606 476 918 220 390 923 69 384 
598 992 184 650 602 350 517 815 422 631 311 999 746 854 425 26 429 246 808 646 
920 594 757 759 988 791 536 654 726 455 539 30 970 751 70 562 63 996 334 970 
994 225 28 952 4 571 411 838 168 81 794 291 320 14 635 582 855 466 874 993 
317 248 530 737 54 545 741 917 476 88 739 958 974 879 149 622 561 282 433 795 
382 522 937 126 140 342 431 495 136 285 4 212 658 934 106 738 185 324 302 755 
146 372 922 16 837 833 537 841 416 802 309 338 640 826 517 896 573 352 11 101 
382 248 350 464 93 442 602 985 628 721 281 987 687 887 884 411 212 311 946 8 
721 475 821 235 901 999 240 449 426 653 741 326 305 571 759 237 742 834 324 221 
341 120 789 470 798 577 593 197 197 289 14 3 101 13 561 973 589 266 161 112 
747 686 423 819 617 686 360 729 806 240 310 983 910 50 292 931 716 682 984 150 
815 655 430 812 794 960 91 833 289 532 919 317 201 489 663 787 655 473 473 711 
28 850 873 62 687 325 908 507 691 506 35 375 482 513 842 56 819 460 169 886 
512 451 579 370 691 704 270 695 682 492 234 429 696 994 61 507 110 675 342 742 
354 721 920 232 79 183 178 538 733 721 365 460 699 593 21 516 505 265 555 30 
195 592 435 236 411 526 890 694 621 42 954 51 810 599 88 336 413 970 789 696 
178 551 677 909 752 44 549 646 636 478 104 73 544 763 219 659 316 440 647 950 
52 588 919 26 545 940 723 327 453 856 381 610 569 590 146 607 969 806 746 517 
227 710 699 592 83 982 83 331 635 791 589 700 929 455 71 364 57 448 977 407 
629 43 8 1 402 310 11 954 573 862 158 836 430 697 861 914 556 442 411 59 
904 466 245 319 710 701 360 241 154 124 274 262 999 945 615 533 486 16 554 375 
485 643 143 641 710 470 150 623 633 549 939 828 900 955 572 279 242 133 555 632 
187 798 773 604 619 964 498 205 636 610 21 549 320 799 950 684 305 431 94 561 
916 393 291 957 15 809 109 774 374 7 616 994 820 671 371 706 167 178 840 194 
285 830 629 486 318 961 643 590 74 43 189 893 469 813 442 479 951 180 823 18 
577 27 551 886 565 240 932 327 789 885 411 851 871 242 634 143 720 905 245 855 
110 602 970 510 978 560 490 530 654 52 417 787 19 881 23 509 407 367 128 253 
20 828 865 401 916 480 492 810 388 463 830 150 127 540 174 89 133 908 881 421 
683 9 404 114 565 705 585 775 712 982 295 289 861 271 979 939 715 78 163 263 
885 611 588 556 76 818 809 569 477 40 720 337 374 699 960 55 237 851 838 163 
91 380 576 805 239 853 649 506 413 334 110 70 232 541 600 793 525 226 851 212 
787 892 926 869 376 371 69 153 989 887 804 98 765 385 316 889 242 736 122 782 
929 911 302 589 79 430 66 219 51 461 780 234 998 312 77 786 416 871 147 49 
469 61 859 643 968 724 131 189 887 295 768 318 727 305 907 903 769 668 537 837 
309 747 811 181 974 900 99 959 695 576 417 334 484 374 501 271 243 423 837 607 
652 819 73 610 120 611 133 650 878 560 455 821 268 909 666 82 507 936 810 205 
331 535 768 929 306 504 576 325 447 337 290 842 411 578 414 724 659 991 388 263 
71 931 74 220 670 833 799 763 86 452 608 675 918 554 664 473 831 116 822 326 
515 922 313 844 732 597 751 737 512 204 583 893 779 515 843 257 341 545 171 840 
358 392 781 2 360 579 233 703 420 323 325 433 391 234 700 821 110 44 932 764 
391 611 903 252 58 570 26 28 881 131 709 649 900 221 971 386 407 848 411 538 
896 452 293 447 331 393 49 311 969 839 156 627 17 98 732 846 661 494 775 39 
968 977 79 85 750 777 704 738 589 971 565 764 939 46 56 808 208 584 161 335 
429 351 513 790 957 226 958 897 267 441 825 432 596 370 751 836 342 958 862 843 
977 619 873 346 462 331 828 899 365 893 803 176 771 162 441 126 91 315 509 189 
484 9 570 527 532 126 94 311 804 802 443 356 724 832 941 118 767 282 643 441 
995 169 785 671 202 306 733 379 76 53 977 763 617 16 520 517 857 196 284 478 
190 335 336 878 757 178 418 864 161 554 955 97 832 164 881 919 858 797 837 700 
111 961 993 219 361 493 772 234 498 830 233 328 486 795 244 649 84 896 151 927 
33 557 37 404 926 159 605 270 340 101 784 882 13 925 158 876 412 920 310 453 
855 107 821 878 603 872 297 780 26 220 494 908 777 842 816 841 637 800 739 404 
639 129 496 660 836 595 112 846 554 225 469 822 712 243 199 631 382 469 437 791 
677 285 837 431 408 249 806 457 867 569 267 954 675 544 11 107 486 289 927 803 
572 856 243 95 862 750 720 420 590 473 33 379 680 524 237 679 175 762 941 780 
298 777 215 880 64 156 954 238 643 857 714 136 641 405 438 501 408 205 776 564 
459 686 37 344 288 967 790 788 485 117 206 441 458 567 37 397 887 60 837 942 
529 746 19 800 402 448 519 379 535 86 727 408 846 659 753 429 767 247 96 759 
906 267 241 480 185 685 767 746 311 496 59 515 986 4 960 233 885 545 534 703 
202 170 669 88 70 392 373 251 924 828 955 8 470 74 806 579 561 938 331 422 
41 456 374 892 93 974 322 971 820 169 419 857 681 529 433 995 379 333 208 65 
647 239 670 582 602 155 245 823 49 502 234 482 868 380 116 185 11 674 929 967 
631 310 997 402 556 908 893 546 181 682 691 536 137 606 818 482 421 342 325 711 
122 849 411 470 816 924 278 380 211 343 340 37 901 641 677 2 724 577 351 180 
349 783 838 736 369 891 943 268 511 916 863 609 795 819 304 721 837 961 972 866 
941 893 85 484 374 515 220 496 88 410 152 898 146 501 89 144 167 884 325 987 
81 835 99 829 932 84 391 827 812 41 662 910 65 764 194 637 26 570 807 597 
168 109 839 651 300 146 932 113 596 747 748 479 34 349 857 20 173 612 353 941 
12 701 931 486 688 300 204 847 458 824 441 728 261 212 230 488 932 479 46 634 
335 934 499 377 738 313 849 774 471 275 838 471 174 693 717 906 225 606 155 491 
501 812 9 114 205 622 643 176 393 709 928 644 72 503 836 569 954 638 906 322 
321 241 302 312 728 986 842 891 941 920 519 968 147 517 518 226 923 771 831 44 
892 794 194 182 112 341 517 198 369 150 677 768 531 743 632 921 732 226 251 105 
874 315 575 703 780 605 97 873 876 994 354 676 635 376 580 697 230 704 39 969 
135 888 3 930 990 147 990 778 242 47 8 315 610 160 572 376 17 259 226 271 
74 389 740 911 224 309 478 580 818 376 633 841 564 876 537 190 593 886 38 386 
704 64 992 930 813 957 495 994 633 807 505 811 836 723 485 150 954 899 95 792 
812 509 573 31 129 50 826 644 317 457 641 505 960 36 277 301 921 276 62 285 
333 97 422 990 563 524 124 48 282 969 297 773 693 623 793 546 765 98 533 493 
448 723 703 688 849 245 749 653 456 515 265 3 748 657 48 247 894 688 394 286 
127 719 762 530 484 998 38 187 801 156 905 112 820 379 327 743 604 418 185 849 
250 908 66 457 438 463 112 127 85 480 303 568 801 868 595 552 58 818 20 474 
796 344 615 518 808 187 891 501 152 731 481 162 141 286 927 450 659 475 158 117 
936 922 59 853 313 586 483 662 525 331 187 22 934 694 383 135 869 506 505 587 
581 576 884 504 587 80 513 572 828 637 154 578 792 943 678 661 598 488 236 861 
615 850 723 400 863 990 121 258 2 295 18 880 907 329 996 730 283 20 64 439 
56 38 884 509 540 767 375 1 288 406 316 788 832 53 83 735 392 233 556 128 
751 580 14 53 611 510 607 264 542 433 484 924 616 284 555 87 380 987 103 441 
175 388 469 492 222 685 692 180 792 333 538 320 205 216 581 266 564 695 22 12 
683 15 717 691 474 664 425 360 825 489 551 268 980 467 165 660 683 91 479 910 
727 955 801 123 298 427 310 6 335 836 505 211 106 990 674 195 528 451 940 551 
466 299 444 99 350 817 156 621 351 677 105 358 558 212 434 929 513 733 994 481 
419 405 368 280 523 718 5 613 602 595 597 757 135 967 713 805 397 903 84 879 
208 989 205 748 572 430 413 537 335 22 466 460 240 555 578 273 423 391 628 912 
678 802 547 713 513 951 557 515 858 333 243 577 552 98 450 559 985 923 298 155 
102 15 523 967 918 652 225 422 373 497 432 389 206 687 64 100 591 466 607 149 
700 4 515 964 455 443 247 63 174 146 304 400 693 726 472 281 734 514 747 64 
718 661 808 523 561 385 2 469 137 864 72 650 51 418 130 999 67 298 437 558 
746 74 464 760 300 76 816 11 127 475 705 479 648 801 886 891 744 178 643 245 
0 96 592 450 200 905 209 515 318 998 436 593 701 133 234 130 892 746 634 485 
537 249 11 50 365 438 528 557 522 97 313 564 570 644 79 311 130 167 759 984 
215 247 92 747 968 194 886 583 52 86 903 821 493 298 464 338 917 693 871 376 
519 158 764 129 786 355 412 246 521 662 374 285 311 813 524 385 401 113 116 527 
604 441 407 166 290 840 986 542 358 748 483 693 56 521 334 125 893 445 977 762 
446 525 764 938 469 64 821 134 323 426 435 849 685 828 898 454 80 466 847 503 
594 389 740 411 915 866 13 839 221 658 428 920 208 412 530 872 97 200 576 640 
443 653 477 5 278 790 400 110 247 56 208 4 305 231 985 459 275 785 843 432 
105 107 854 579 735 355 624 423 915 253 651 344 403 762 528 396 143 470 600 581 
568 401 813 166 249 721 300 20 5 390 286 775 729 966 615 545 420 673 118 30 
188 88 342 709 306 937 229 830 353 614 531 644 514 511 61 285 964 909 731 303 
907 705 926 613 54 548 343 954 581 600 436 846 259 399 755 919 648 347 804 218 
755 29 657 794 254 377 938 64 65 138 135 539 708 739 933 794 119 694 869 736 
701 351 657 126 16 251 424 24 158 70 132 185 813 891 178 320 115 208 546 847 
713 656 800 753 64 946 362 645 973 842 530 768 953 591 446 303 356 773 159 253 
419 939 215 922 463 440 334 765 121 122 646 620 843 239 518 225 328 999 620 830 
278 801 398 796 675 734 587 913 558 155 270 169 248 235 867 334 26 748 28 466 
688 992 582 4 7 31 352 490 11 555 236 190 708 444 817 980 434 573 984 435 
910 959 38 586 387 684 329 964 597 719 510 551 697 906 50 338 765 472 335 413 
785 412 394 205 247 706 99 112 422 956 429 222 245 575 14 344 742 0 193 229 
49 625 922 867 187 400 401 756 990 138 235 809 555 428 94 762 725 658 524 935 
760 876 65 569 242 229 184 308 145 341 402 721 333 34 217 591 430 691 573 106 
633 901 324 591 384 65 223 622 216 902 179 985 799 307 389 340 357 440 338 134 
890 317 22 135 713 114 315 386 787 513 388 645 423 770 378 622 728 613 23 721 
407 173 585 591 283 211 17 113 591 400 237 197 667 287 235 880 997 402 103 941 
385 284 559 733 630 511 140 863 276 967 620 634 227 271 766 569 885 690 221 102 
23 60 377 738 91 523 114 467 306 728 279 503 208 866 846 905 144 797 860 994 
875 543 31 577 451 59 786 294 204 906 89 395 509 742 758 412 243 281 83 817 
303 758 201 809 241 341 432 338 325 365 520 486 533 437 320 943 167 539 372 631 
304 625 364 489 521 597 347 972 362 800 150 25 964 522 38 619 859 540 623 615 
147 781 377 836 722 497 742 228 471 6 294 3 642 673 144 824 4 609 386 426 
848 234 514 524 810 886 389 252 598 206 305 193 132 679 119 795 307 483 603 871 
76 357 822 91 369 17 875 407 749 362 81 805 333 718 657 458 440 240 664 981 
459 301 487 471 576 825 473 676 383 139 397 417 469 86 197 830 797 377 894 958 
629 505 913 165 74 373 481 74 230 418 702 173 601 536 601 722 853 285 905 278 
671 193 669 353 147 986 627 717 703 153 657 71 754 516 330 819 790 997 11 797 
869 243 382 453 880 767 358 90 653 722 845 962 354 285 619 272 757 985 127 736 
21 729 971 744 855 12 515 871 362 607 622 690 356 906 17 932 80 138 896 430 
439 632 766 807 544 807 566 710 419 540 915 662 850 169 765 617 665 370 158 448 
364 435 276 226 3 969 495 283 914 937 469 166 756 343 340 222 745 832 416 74 
333 9 173 64 515 289 320 971 770 636 449 935 534 698 355 748 898 519 135 433 
485 204 150 204 691 551 742 871 462 414 727 412 780 281 894 229 738 585 338 261 
529 851 317 275 72 754 829 777 978 780 995 103 898 428 203 781 644 480 118 905 
286 827 644 182 815 613 502 774 166 537 339 816 846 728 426 901 800 21 784 472 
954 272 169 501 879 311 708 84 791 258 418 805 345 21 967 245 38 324 461 570 
375 73 965 140 474 506 407 269 544 521 196 866 315 884 954 162 854 238 96 399 
389 773 27 770 856 934 80 108 898 101 666 978 406 338 975 608 404 792 934 626 
752 336 395 935 931 334 150 575 943 345 225 958 773 817 833 97 498 716 487 681 
617 698 823 685 690 154 784 237 12 260 877 477 334 689 59 526 149 175 829 323 
657 985 533 866 288 478 228 265 647 201 811 748 966 930 602 868 355 867 625 986 
682 181 149 885 596 787 758 896 158 255 495 479 972 420 813 867 588 445 107 619 
607 972 333 270 790 749 876 263 458 731 850 920 575 659 862 634 305 56 178 172 
232 327 691 602 792 900 513 880 180 4 567 687 307 293 613 846 483 402 325 325 
214 988 466 279 234 398 864 70 390 135 360 427 114 669 698 117 181 424 664 698 
805 740 744 92 443 412 171 718 980 739 596 71 71 324 835 174 676 398 42 791 
474 112 463 604 932 699 764 632 668 135 188 520 57 606 974 947 565 257 342 531 
298 207 307 772 102 645 667 661 532 27 254 957 341 523 769 520 591 127 177 314 
637 931 355 955 71 385 865 387 459 508 352 343 996 319 344 261 74 838 27 133 
210 253 554 681 240 888 676 703 538 267 888 123 6 923 558 250 295 692 761 341 
532 757 7 82 410 185 564 90 451 703 403 694 430 572 575 403 809 943 473 784 
533 29 427 277 17 135 309 62 721 977 741 224 424 116 772 84 956 982 863 370 
626 792 99 783 225 152 613 354 618 104 496 803 416 391 752 477 677 111 7 919 
886 519 622 781 936 841 463 92 131 486 800 237 149 105 75 785 634 153 3 719 
699 539 41 441 36 160 864 526 387 843 406 292 174 966 492 475 795 708 16 258 
206 842 513 316 271 858 106 723 82 408 819 9 11 97 452 786 321 512 963 710 
474 235 840 989 207 493 639 332 658 174 718 607 229 720 568 791 397 715 625 262 
231 507 331 761 138 840 960 566 509 687 753 805 194 711 302 763 227 414 623 629 
339 141 514 339 865 161 38 101 633 556 952 474 827 180 620 998 664 282 918 683 
154 525 441 148 731 143 136 774 249 872 739 672 656 35 165 757 785 38 267 479 
778 709 455 302 926 985 966 305 566 453 798 916 815 394 741 635 734 83 574 286 
834 307 21 21 513 654 316 110 509 822 567 412 24 23 926 866 358 780 152 521 
747 763 192 447 668 102 563 345 474 68 199 506 620 64 3 563 44 856 506 517 
798 280 985 645 28 720 508 696 805 324 700 744 39 906 44 333 130 449 92 455 
455 616 949 746 25 477 189 907 83 103 622 275 27 318 75 250 605 545 466 421 
954 136 864 627 507 492 185 573 232 603 15 628 574 161 414 495 313 555 357 453 
86 917 903 551 348 135 123 18 499 923 416 620 342 642 173 84 301 344 32 39 
783 101 222 89 422 117 235 649 523 370 18 392 971 961 478 922 226 299 922 533 
383 260 862 507 512 793 123 51 576 501 658 13 133 773 871 781 519 886 12 975 
471 291 883 636 356 651 827 604 667 674 232 173 392 182 892 402 856 677 946 487 
409 757 484 644 716 53 627 977 82 546 392 649 589 52 241 194 248 83 86 220 
762 491 852 799 286 992 17 338 310 678 145 609 506 279 521 31 740 203 122 669 
718 395 681 25 318 991 276 794 120 337 439 802 372 817 15 838 58 209 567 451 
587 548 426 193 802 291 968 372 491 321 724 408 731 176 997 789 409 506 748 187 
835 941 725 256 443 545 226 968 91 339 988 52 478 103 763 502 162 393 72 43 
571 101 73 538 890 153 885 341 462 831 848 686 721 407 441 660 926 636 491 357 
233 333 153 325 856 991 637 592 840 705 970 61 588 305 776 357 818 733 241 954 
317 797 810 858 266 159 363 734 157 186 555 270 956 591 214 632 832 460 728 312 
559 28 686 82 228 60 179 254 907 310 544 540 663 67 296 760 655 141 227 71 
945 587 361 459 733 265 746 970 366 359 755 230 964 144 828 937 29 558 664 344 
173 491 700 418 732 139 779 544 231 209 49 438 713 832 663 163 427 187 446 214 
730 830 872 473 865 518 659 331 766 822 47 65 561 333 659 548 298 340 931 81 
266 204 36 780 894 975 179 950 63 869 363 410 973 387 805 962 997 367 29 375 
296 478 186 345 710 874 566 67 451 366 927 499 265 948 214 609 766 210 598 646 
128 343 895 14 454 372 179 337 560 817 136 822 786 981 136 369 189 371 381 983 
590 441 449 23 819 410 261 916 387 255 112 96 38 89 330 355 381 963 194 565 
915 749 373 832 716 851 224 649 492 224 184 944 660 925 143 597 288 79 674 30 
125 200 417 639 369 268 78 169 435 398 250 102 581 724 412 204 574 745 747 416 
813 889 710 772 915 242 162 420 657 658 372 222 658 963 712 705 394 22 898 831 
911 287 482 429 774 53 349 914 465 845 41 694 736 967 745 934 926 649 162 21 
605 762 861 405 444 298 399 678 544 945 669 894 417 69 299 586 407 959 863 275 
732 704 874 301 539 40 31 764 266 0 767 184 508 993 763 130 786 556 148 503 
715 379 160 781 569 15 309 332 783 420 291 79 104 474 285 539 968 142 593 311 
897 752 872 180 903 166 592 822 997 153 136 148 196 814 491 325 64 463 928 988 
438 859 553 221 547 372 820 40 159 287 111 190 786 658 343 609 253 81 674 849 
4 105 738 604 738 488 365 766 142 348 236 897 532 380 689 470 111 676 757 389 
406 941 384 729 677 68 778 792 950 449 529 450 743 260 372 352 485 859 912 215 
889 974 353 660 458 839 859 538 156 804 577 497 7 783 102 362 931 936 818 609 
850 968 495 274 694 66 652 199 46 830 610 960 635 173 134 900 231 540 342 776 
48 466 568 302 114 940 999 695 915 276 766 195 202 549 258 376 418 499 236 674 
188 520 524 162 555 913 940 34 332 235 308 176 541 976 449 457 109 758 236 744 
77 242 504 247 949 321 932 685 554 207 210 632 607 499 374 157 601 459 331 734 
936 428 507 371 858 13 750 180 770 796 93 630 178 745 342 412 196 90 211 536 
983 366 702 418 463 550 464 152 574 209 907 695 611 767 812 401 840 16 661 247 
568 830 433 416 984 600 866 667 742 185 144 442 431 520 810 400 541 441 754 300 
281 92 468 638 621 652 751 713 870 331 183 385 672 316 778 808 882 921 394 12 
83 310 666 18 709 510 133 969 88 620 787 320 611 404 853 74 159 468 667 628 
340 365 52 651 408 230 694 611 261 419 214 702 875 458 603 290 94 542 774 310 
281 519 764 181 994 42 335 540 112 277 794 409 259 358 436 821 35 460 710 347 
363 870 656 249 935 299 361 223 252 658 38 630 223 250 933 419 176 196 994 291 
760 824 250 657 410 150 542 766 502 111 170 640 667 186 479 494 310 722 701 891 
854 960 269 858 178 910 734 745 213 660 342 912 848 142 740 683 121 877 851 78 
923 269 770 290 270 807 18 997 672 296 807 774 420 690 11 785 642 577 423 511 
935 360 699 11 47 405 856 904 800 811 275 375 105 703 93 735 42 309 506 109 
926 107 679 991 710 614 847 388 736 244 143 15 256 218 280 683 421 775 541 144 
632 520 230 62 16 933 613 290 170 332 983 207 599 157 972 839 869 870 794 970 
275 888 159 654 399 825 414 584 35 627 629 402 648 709 404 574 321 624 384 209 
147 581 456 691 451 429 928 718 513 425 445 93 771 467 623 471 365 301 326 860 
808 320 302 15 888 608 453 596 379 494 583 853 15 358 671 752 867 355 905 739 
640 847 285 106 897 87 735 912 465 902 509 444 124 360 865 798 473 818 536 611 
174 641 42 525 357 104 410 70 229 582 152 582 492 232 845 83 252 906 887 369 
859 411 966 67 296 770 974 904 66 772 318 121 691 144 640 401 837 20 122 886 
548 744 37 408 156 580 924 192 900 462 286 571 180 750 200 943 562 254 941 892 
643 732 895 886 537 834 451 531 896 672 63 160 525 384 511 713 497 187 753 88 
298 42 30 422 442 903 914 80 861 268 661 267 493 796 939 691 784 457 593 673 
821 230 689 179 562 566 184 936 458 717 605 916 597 150 101 465 672 452 85 511 
286 180 152 869 447 426 786 880 665 972 611 691 908 925 728 488 450 498 246 390 
759 898 952 916 109 969 68 652 971 278 193 292 95 342 316 481 881 616 347 516 
338 91 401 858 766 588 875 886 446 909 778 258 432 522 306 47 610 669 387 345 
221 397 150 734 7 554 410 991 484 493 431 224 662 438 442 85 850 885 99 734 
964 205 212 205 358 517 379 61 269 633 97 5 149 121 444 709 670 601 41 233 
23 249 190 883 418 621 640 694 624 311 336 880 118 11 867 463 424 876 154 735 
485 693 895 579 491 899 226 579 661 713 475 676 42 908 672 166 552 696 945 410 
632 194 258 963 180 167 417 439 62 653 585 869 283 897 830 809 64 705 225 725 
947 571 790 667 398 861 733 1 703 703 502 603 195 694 41 879 884 730 420 949 
553 506 126 286 150 742 68 151 227 885 65 94 497 840 260 724 489 30 196 571 
439 898 503 513 712 107 364 318 360 202 253 219 952 457 738 299 734 938 129 702 
420 613 178 116 365 398 435 239 797 471 391 156 25 449 564 92 896 489 644 989 
432 305 716 342 627 60 348 315 611 950 191 198 860 899 732 247 145 39 291 781 
578 302 612 453 348 509 884 858 2 32 33 863 850 205 193 57 491 769 390 695 
822 386 245 14 74 349 862 504 516 73 158 558 935 244 428 790 65 980 553 814 
62 760 651 697 296 56 188 41 303 802 798 127 30 375 938 935 902 637 978 623 
391 726 715 417 212 849 606 446 150 680 241 294 188 993 658 510 378 225 860 849 
63 510 477 786 899 187 271 920 729 266 686 667 841 741 297 847 369 733 724 726 
117 407 509 43 341 956 182 108 398 760 418 903 388 77 603 873 718 384 364 266 
250 876 635 421 866 6 593 743 143 881 20 262 102 643 805 980 184 631 854 555 
822 924 262 571 132 519 552 147 702 436 688 212 473 867 672 228 931 161 107 946 
813 339 312 405 167 386 392 433 301 908 507 708 41 735 840 94 770 916 740 88 
531 33 373 639 182 543 919 457 355 62 534 95 507 757 78 67 74 782 728 300 
981 969 13 679 144 120 255 120 547 716 550 506 814 78 361 835 10 504 998 732 
458 477 156 79 594 845 838 881 742 726 547 491 127 832 748 371 146 223 501 704 
25 199 335 927 550 459 253 191 596 950 966 700 488 462 603 121 289 917 82 575 
556 562 10 950 419 879 751 177 991 940 616 7 539 941 255 207 203 976 1 580 
429 913 687 801 550 449 396 623 888 652 568 596 291 849 397 870 618 560 640 816 
15 848 833 901 41 654 134 923 165 948 445 673 771 257 457 964 515 158 175 622 
160 257 258 185 419 365 571 778 259 154 229 961 555 969 200 360 724 114 836 211 
221 841 9 623 200 215 148 445 880 453 700 32 24 542 150 605 877 101 286 612 
958 541 839 148 570 312 653 539 859 930 728 462 154 638 236 453 604 545 527 219 
603 718 315 477 872 450 445 145 455 962 412 713 875 665 294 96 484 333 247 692 
799 308 380 628 837 4 559 292 413 376 171 55 38 18 251 916 944 453 614 349 
179 370 174 835 715 606 849 854 114 473 391 788 670 522 630 615 677 817 530 748 
373 205 392 512 769 863 629 254 793 623 99 552 1 198 916 370 261 204 106 493 
739 618 150 130 146 210 287 652 402 174 53 996 772 286 934 407 234 751 921 499 
978 632 842 882 32 998 102 582 74 203 559 805 799 338 634 967 746 78 430 998 
508 387 152 692 208 549 117 580 875 392 183 602 676 984 292 188 80 74 83 445 
25 411 745 680 199 951 379 186 231 892 109 395 884 217 202 62 363 681 460 894 
292 948 663 387 838 15 865 646 113 411 797 506 298 700 936 724 698 227 275 548 
744 558 642 147 577 870 236 271 925 505 221 470 475 26 120 88 192 894 481 919 
796 207 66 19 157 542 908 105 824 381 328 988 669 43 550 815 99 307 870 130 
660 911 158 755 650 217 44 806 314 387 331 464 488 648 835 113 875 10 404 480 
730 380 899 83 471 147 857 983 891 169 608 853 882 618 536 918 200 563 737 824 
557 327 273 992 173 596 400 323 35 6 906 296 263 106 236 49 925 734 627 26 
320 311 538 528 982 714 586 150 670 319 87 595 120 147 737 8 836 901 408 57 
69 499 932 795 431 422 939 509 583 804 588 41 146 572 171 188 897 583 278 972 
67 725 640 146 443 109 356 40 84 626 933 669 418 58 203 934 707 640 728 727 
845 653 43 219 594 706 69 201 570 209 618 855 791 165 827 979 815 79 266 103 
989 746 93 613 833 850 174 771 489 56 210 145 120 409 193 705 582 216 214 878 
329 408 816 600 938 79 895 702 835 983 570 542 15 759 433 521 146 106 343 314 
803 414 810 72 431 104 582 738 425 286 175 171 742 364 814 495 69 515 517 332 
879 351 414 420 627 608 849 434 966 660 636 667 441 906 376 695 275 994 418 279 
128 620 176 674 458 326 596 619 135 809 413 525 868 774 140 130 376 149 820 495 
980 407 23 117 282 709 340 676 762 775 181 80 629 66 488 384 204 836 348 77 
249 978 727 344 336 980 829 783 47 526 484 26 652 610 438 816 206 213 22 247 
782 672 854 148 559 456 576 944 716 575 988 996 754 252 186 30 830 225 369 52 
119 27 327 752 526 367 321 869 485 955 325 817 71 507 390 52 943 606 721 400 
43 824 478 761 386 80 176 158 667 901 544 632 232 692 958 811 691 69 82 708 
856 296 811 970 372 706 14 615 35 244 857 672 80 389 208 547 577 359 895 249 
553 928 713 708 418 778 105 675 778 244 167 252 678 202 622 625 973 987 147 918 
718 618 736 625 499 448 378 787 688 967 968 231 199 130 205 24 942 683 616 527 
268 716 458 214 543 395 559 183 778 208 256 64 101 888 536 995 749 775 622 472 
6 466 67 367 94 859 549 811 995 864 922 192 880 678 641 329 436 577 6 611 
699 519 4 718 922 199 784 389 125 212 75 84 747 630 56 401 340 835 311 630 
162 921 881 366 182 384 69 822 572 134 466 590 193 674 558 32 148 909 823 128 
467 430 912 124 55 989 614 414 819 842 795 760 489 439 163 152 286 459 669 244 
23 665 332 903 332 792 359 949 139 828 190 867 160 469 510 122 3 982 542 662 
955 800 275 42 186 448 329 62 385 55 803 868 862 985 581 511 658 521 47 437 
720 210 237 439 899 896 981 166 359 265 296 40 483 390 293 803 389 734 827 18 
910 461 101 294 783 360 843 246 101 877 534 953 106 65 203 851 924 185 941 831 
49 245 380 853 219 426 362 164 696 224 920 41 909 27 396 609 717 805 334 883 
596 708 468 49 209 79 682 448 555 103 509 718 931 12 258 44 987 558 266 37 
101 365 66 870 207 707 96 925 213 480 928 303 392 462 464 460 638 390 920 518 
889 18 543 451 324 101 441 198 692 264 989 589 523 287 999 574 939 283 505 380 
57 297 311 793 279 651 179 19 159 653 982 756 101 594 633 445 173 32 563 75 
316 90 19 13 579 333 880 404 321 605 735 667 424 152 61 50 132 619 701 46 
239 900 588 195 144 168 108 372 652 774 142 74 854 715 883 988 580 831 989 782 
810 888 865 437 187 853 408 409 132 310 158 884 731 451 42 578 48 66 799 697 
100 277 587 700 375 578 310 59 998 21 421 236 477 411 712 432 144 961 401 383 
473 36 414 669 725 306 304 290 392 753 276 372 10 174 122 936 497 793 997 185 
465 895 466 703 170 288 596 884 25 946 207 587 194 870 300 794 468 913 917 818 
61 294 609 908 344 313 858 567 147 999 909 423 78 661 458 295 49 766 341 282 
486 801 652 814 111 18 153 443 601 936 546 363 721 279 840 842 221 295 565 624 
334 204 289 852 92 439 390 995 587 853 739 442 110 663 142 496 121 290 813 55 
994 23 511 461 883 205 47 430 689 862 57 476 305 712 576 273 460 869 374 196 
31 693 317 131 177 954 206 704 663 20 88 327 682 502 948 591 603 97 743 23 
493 280 575 898 924 195 713 46 293 503 338 929 478 262 644 982 127 244 260 455 
489 218 58 282 622 454 881 105 714 346 943 461 768 491 943 307 831 157 381 322 
631 646 401 635 799 600 720 42 97 619 72 100 360 114 539 665 704 869 453 533 
127 943 473 841 882 657 872 63 979 934 996 742 978 280 269 394 178 348 817 224 
381 313 529 168 419 382 314 780 743 724 929 272 530 178 51 51 364 384 660 397 
863 695 14 201 231 375 228 693 343 976 479 159 974 309 873 595 50 989 440 186 
251 980 693 365 227 938 974 538 133 34 25 646 60 206 322 692 749 577 991 660 
103 557 913 40 793 806 230 956 717 199 173 468 901 507 481 793 763 711 202 935 
341 878 272 857 920 68 82 926 516 288 86 833 41 996 905 547 920 454 81 467 
197 180 809 465 60 163 149 647 529 817 271 505 532 940 289 719 109 178 188 640 
517 818 696 385 53 259 669 919 130 116 794 753 810 396 611 345 488 555 672 189 
926 640 380 929 715 924 388 23 371 102 273 362 591 1 127 903 116 916 694 884 
664 104 88 78 418 911 349 998 945 666 916 555 969 932 771 750 57 750 232 506 
456 634 473 107 346 580 497 840 213 365 972 964 617 714 805 881 967 621 525 334 
816 770 559 59 682 509 418 1 655 322 71 776 734 5 427 987 478 283 351 599 
944 376 694 700 317 922 135 707 944 486 612 593 413 818 474 882 401 19 34 202 
300 992 807 616 813 742 745 68 684 517 817 914 150 243 558 895 252 688 927 43 
381 602 122 968 510 442 581 155 775 246 67 432 176 792 465 682 147 671 769 203 
51 212 910 1 518 400 298 907 375 188 845 482 623 362 767 979 45 562 455 339 
531 966 700 332 931 274 884 272 970 751 116 43 364 975 232 645 280 574 83 584 
261 47 976 560 325 988 530 401 113 474 258 77 638 396 391 725 142 671 330 623 
361 774 370 258 798 326 805 342 213 629 121 335 183 335 226 916 687 73 364 266 
43 994 804 183 678 742 562 532 312 893 417 82 409 364 850 8 529 842 702 923 
171 957 51 520 643 109 153 366 222 274 493 400 553 386 262 345 781 886 374 928 
105 373 347 399 513 441 918 14 357 241 419 933 21 86 323 362 3 642 134 135 
985 845 109 416 525 594 152 892 83 466 27 114 882 456 742 270 921 829 132 252 
779 460 804 19 240 840 583 806 87 884 737 551 344 340 372 653 839 83 649 560 
102 28 384 10 930 237 42 192 121 880 789 721 986 187 288 6 318 411 984 587 
413 541 346 885 748 214 249 5 462 459 747 724 832 875 887 167 465 491 577 677 
218 82 457 214 562 255 729 590 54 55 182 930 663 228 697 282 884 450 910 160 
130 84 324 705 880 982 638 553 632 980 794 36 555 451 904 10 788 782 797 874 
328 629 801 386 676 312 181 294 56 634 257 527 435 764 149 390 863 87 550 466 
270 143 260 525 860 140 706 950 407 34 53 138 797 51 968 996 757 611 311 648 
113 949 467 74 970 293 342 148 12 293 967 991 379 403 664 810 334 363 870 129 
787 25 945 768 428 610 84 824 137 388 951 408 678 179 684 792 182 141 142 682 
31 72 41 171 888 634 278 193 560 169 677 668 761 221 736 89 501 427 982 725 
208 123 549 583 455 636 787 698 751 998 375 641 776 656 123 908 419 691 29 850 
595 975 143 711 88 301 116 768 609 916 531 580 291 280 977 821 692 768 930 63 
285 767 287 545 808 949 303 290 527 646 199 134 877 723 252 425 456 624 355 946 
887 631 574 756 400 771 690 409 950 855 231 184 17 335 711 553 70 615 939 502 
153 715 186 36 88 495 796 234 714 840 846 338 15 419 454 182 250 956 33 812 
332 241 315 148 947 272 599 770 515 222 360 448 243 402 743 957 755 434 462 891 
173 204 101 366 986 727 250 41 174 643 934 829 23 870 542 300 697 593 23 635 
406 98 398 359 596 892 278 169 951 516 283 100 537 260 751 790 103 373 547 310 
742 160 977 741 213 519 7 776 53 834 407 765 855 476 852 187 244 815 15 887 
291 84 955 125 974 232 550 851 982 700 665 452 913 980 330 164 176 562 80 967 
30 675 598 719 214 650 332 678 148 788 834 664 703 548 446 20 45 328 600 125 
16 188 892 260 111 325 816 889 32 440 327 290 37 548 725 626 684 982 340 365 
891 875 966 763 660 611 228 100 541 668 894 827 675 381 788 478 689 868 77 349 
371 426 589 952 944 101 108 326 8 198 725 43 290 125 532 553 944 649 508 163 
879 892 544 886 746 887 416 945 390 266 175 383 171 926 674 650 17 895 883 762 
706 324 231 526 855 496 700 578 422 30 464 338 705 553 478 565 18 450 274 990 
654 317 991 703 880 110 430 407 984 8 610 54 915 286 178 654 956 702 366 21 
731 794 774 8 293 953 583 305 133 110 432 196 154 111 292 967 328 281 136 968 
964 969 128 963 778 6 317 292 728 670 938 938 57 510 391 813 379 77 261 954 
42 507 627 940 649 415 968 933 125 342 346 637 541 219 6 657 983 843 905 328 
396 239 247 330 663 344 234 419 394 894 102 231 473 881 402 389 131 676 793 537 
887 495 114 205 459 948 324 944 66 148 238 441 951 771 247 301 357 833 193 48 
162 50 283 264 699 769 735 968 289 632 360 356 380 771 697 24 159 334 586 502 
108 411 276 800 9 305 472 898 28 273 194 412 203 947 868 591 839 73 872 357 
970 394 685 838 78 338 159 703 240 463 416 726 965 719 787 596 883 97 347 274 
803 401 367 16 965 896 272 385 22 531 334 27 414 826 600 142 68 892 227 106 
230 409 557 574 571 688 507 350 44 851 183 525 426 175 878 851 825 728 33 233 
990 477 73 243 861 776 825 764 215 265 207 424 121 459 803 486 640 838 139 534 
196 255 110 82 418 997 327 238 855 189 805 356 961 545 313 756 944 4 967 146 
229 585 65 802 298 580 672 8 499 217 428 715 667 445 910 857 146 26 356 753 
285 6 597 389 534 733 781 343 454 254 219 829 65 348 810 712 608 262 197 553 
716 242 86 645 250 5 720 331 450 789 571 691 45 355 305 834 318 107 175 107 
416 486 429 536 288 346 418 113 524 904 370 19 940 159 793 709 128 271 796 696 
787 648 86 213 454 628 944 371 0 98 693 105 476 108 493 393 476 508 136 293 
517 122 462 102 130 281 500 707 718 259 282 247 924 562 515 430 65 201 884 321 
276 434 40 720 749 513 267 400 516 56 182 725 683 748 939 978 791 56 433 534 
826 433 138 457 405 555 675 247 821 362 611 644 459 979 656 825 272 539 654 734 
144 583 506 745 582 830 79 926 969 229 478 575 958 10 747 437 86 483 421 128 
362 151 966 475 636 124 949 316 247 707 680 675 105 746 333 408 935 401 51 402 
562 374 564 773 778 116 78 940 600 802 579 488 24 56 445 55 439 631 830 648 
337 290 791 214 222 263 87 563 157 403 143 967 706 669 123 793 412 633 987 357 
962 568 939 839 536 781 896 799 580 860 252 998 598 774 252 448 327 992 232 314 
825 765 994 125 151 889 555 627 382 887 914 25 661 133 102 183 553 711 750 300 
548 465 63 869 783 329 679 112 637 852 431 323 441 399 134 19 427 105 763 754 
904 656 187 384 264 985 100 773 731 748 865 486 910 239 455 254 339 338 111 119 
607 594 622 977 743 130 209 666 373 759 620 679 888 699 21 281 187 908 469 196 
47 710 143 460 778 502 284 936 338 168 941 788 773 804 707 986 555 532 684 257 
606 890 39 697 408 223 217 205 86 519 16 985 12 395 681 502 577 711 445 956 
620 869 378 312 983 897 863 551 467 631 215 857 821 66 361 361 463 886 695 587 
698 568 519 775 762 285 391 766 506 616 804 378 882 472 52 523 862 425 233 663 
697 897 505 241 794 759 741 782 982 327 263 964 838 336 488 916 362 378 72 41 
846 338 727 825 283 225 947 428 113 932 699 571 925 788 684 986 310 968 762 25 
588 634 81 279 98 240 708 552 803 820 878 298 955 830 319 874 144 56 401 676 
985 402 179 314 221 207 462 148 999 64 279 17 833 343 197 117 615 223 163 852 
309 506 847 606 203 874 188 964 712 877 404 322 37 811 259 189 891 274 440 886 
736 12 653 871 197 510 474 238 372 364 108 776 193 548 140 752 270 320 909 720 
467 816 998 527 141 807 329 515 862 557 34 537 774 77 444 795 553 567 201 273 
361 577 305 3 534 737 733 854 914 615 563 861 745 449 413 162 945 798 518 173 
759 607 852 308 611 891 252 716 772 234 18 263 423 69 712 310 804 851 25 976 
673 807 503 596 347 800 698 204 410 329 153 531 437 658 86 584 590 150 645 123 
351 376 149 887 405 183 794 192 635 345 770 287 162 775 511 388 768 645 788 268 
343 6 836 212 840 693 511 620 831 383 694 527 481 607 241 2 3 561 55 170 
124 195 70 667 542 465 411 263 897 441 741 683 792 38 669 400 680 609 328 849 
535 252 672 161 282 760 992 335 921 442 431 92 526 290 686 331 516 188 765 266 
84 858 963 113 422 698 957 305 526 52 321 575 445 183 659 352 570 348 288 23 
480 434 129 989 26 500 426 440 868 552 100 935 611 18 519 397 136 624 812 621 
177 351 394 509 81 502 935 917 322 633 66 841 7 673 326 989 270 378 522 489 
926 301 215 598 150 23 521 248 454 522 10 372 594 586 571 3 580 835 284 927 
441 25 686 974 143 663 7 245 532 228 325 223 27 476 879 374 835 195 505 553 
905 159 134 535 663 750 995 354 317 636 225 16 295 218 859 246 838 509 49 861 
316 35 773 418 658 715 364 640 732 532 126 609 864 438 969 181 970 817 931 194 
516 499 784 301 108 590 115 120 359 609 143 804 516 997 688 865 12 491 445 28 
65 252 858 815 715 561 572 871 491 748 995 331 946 543 951 232 641 196 940 773 
743 732 944 763 726 300 247 388 663 108 100 729 752 90 595 284 691 95 197 421 
664 416 459 979 917 488 991 209 974 844 335 412 880 479 611 450 234 574 746 829 
429 239 343 423 411 390 50 696 799 672 908 438 91 444 643 229 288 422 135 959 
953 557 28 262 433 512 809 368 950 133 368 57 742 850 159 351 281 552 591 442 
359 524 203 323 836 135 290 111 528 497 889 699 52 273 259 882 610 865 402 277 
788 808 419 195 40 511 36 9 603 888 705 555 3 179 80 731 353 547 266 761 
351 161 723 205 438 679 459 473 700 632 294 498 284 342 17 928 77 620 198 380 
472 926 466 938 140 301 581 343 796 647 17 956 780 534 78 740 976 911 414 179 
302 511 589 303 436 465 939 659 453 411 605 545 752 410 832 904 793 386 408 94 
476 155 112 184 920 496 202 360 688 90 722 247 24 260 662 827 174 352 81 658 
238 251 952 303 395 300 116 940 227 226 73 481 170 471 7 268 185 63 543 914 
761 246 176 101 322 241 858 391 817 395 458 605 890 499 208 479 586 236 286 639 
784 982 290 488 45 979 277 209 1 548 285 202 376 164 151 38 197 413 793 178 
918 202 440 285 640 957 309 457 204 378 126 537 890 644 42 890 501 511 852 647 
640 861 115 655 575 308 609 298 961 800 819 557 187 597 513 194 265 416 927 340 
753 567 75 505 209 37 48 256 562 115 10 629 148 515 226 122 93 663 700 225 
700 26 488 223 731 852 518 931 852 804 6 328 202 321 926 895 787 586 997 873 
949 287 688 843 423 855 778 547 898 587 858 337 584 779 159 898 651 223 951 273 
33 649 225 574 446 914 823 396 682 9 849 358 845 507 174 618 601 55 435 361 
815 730 473 261 324 347 626 555 677 111 892 635 288 775 465 790 309 296 566 872 
726 164 299 814 59 703 339 458 432 357 365 556 899 882 449 99 945 618 719 196 
232 970 308 74 338 374 647 711 544 941 539 58 133 202 13 906 861 20 713 738 
678 136 471 845 598 125 420 523 13 312 239 77 668 401 521 286 518 934 656 562 
830 463 246 635 129 874 157 18 221 48 942 11 947 295 627 732 825 913 297 383 
178 213 722 549 34 989 969 910 173 848 887 663 775 464 310 619 714 534 940 93 
731 597 27 932 853 108 975 48 651 224 647 700 864 706 207 381 305 532 213 922 
957 498 467 517 684 527 12 505 502 365 466 867 213 457 320 334 862 446 396 810 
76 481 159 373 573 5 239 204 81 280 933 244 376 941 259 492 20 148 680 357 
887 615 183 797 653 102 60 224 213 245 505 129 796 556 105 935 819 928 563 139 
731 696 928 433 942 298 400 141 175 343 298 184 804 132 971 899 963 218 377 715 
459 505 656 606 436 537 949 333 730 353 961 562 246 691 120 924 477 215 226 112 
237 272 738 634 502 596 445 445 749 711 445 327 695 130 703 864 11 496 666 917 
440 762 953 408 546 931 11 322 119 14 345 772 223 383 919 994 539 287 262 265 
245 468 401 219 865 16 239 320 770 417 193 679 167 465 261 102 16 991 762 646 
316 542 100 818 308 268 722 729 790 317 510 914 450 57 661 264 921 499 360 878 
120 804 514 20 671 376 644 627 430 431 885 14 826 14 805 665 133 271 75 638 
900 862 85 270 221 494 65 133 896 676 898 769 861 305 37 212 22 702 61 456 
31 27 11 258 419 944 810 290 729 416 794 234 599 467 315 165 877 315 805 979 
597 241 653 946 561 856 522 470 838 554 513 620 448 3 894 779 710 979 668 157 
56 711 815 669 158 970 567 528 666 968 192 289 680 491 696 920 109 306 545 347 
46 38 968 872 779 567 636 457 628 63 435 57 74 381 425 198 161 348 411 543 
996 349 123 264 42 555 836 460 160 949 873 106 887 697 129 59 279 839 230 507 
108 508 670 502 64 96 802 789 737 874 685 113 972 874 918 208 730 159 386 357 
762 67 91 348 144 67 438 982 900 459 20 90 934 922 671 565 841 978 240 748 
325 418 966 239 393 871 713 64 496 97 855 428 892 690 671 153 145 588 837 769 
987 979 470 469 434 49 468 806 77 129 388 552 677 686 565 409 452 653 532 720 
709 991 798 513 221 460 205 168 66 765 775 35 883 472 931 853 481 161 830 345 
909 103 245 860 90 213 300 134 803 978 54 937 512 67 734 475 581 839 637 217 
556 164 436 421 789 384 573 322 258 434 29 556 632 666 469 429 403 670 185 950 
264 55 240 115 129 148 918 970 501 669 30 301 182 722 740 126 367 453 986 595 
494 805 841 74 6 36 66 198 768 723 813 418 811 845 242 293 329 354 879 144 
436 541 106 292 449 671 574 839 211 93 347 336 995 112 777 89 415 180 629 741 
185 939 672 890 650 754 564 456 423 940 345 698 2 494 631 701 11 148 868 39 
841 170 720 778 347 492 551 49 476 978 174 506 127 718 826 205 151 104 294 460 
35 692 316 59 512 554 798 449 766 47 516 463 471 530 752 401 446 682 681 659 
965 62 301 655 449 524 771 764 74 502 407 32 333 529 295 745 972 424 382 632 
690 170 383 639 943 471 749 484 266 248 888 183 584 207 730 681 248 421 506 454 
641 467 537 844 566 435 987 996 553 24 49 680 301 75 141 350 864 272 365 788 
561 592 395 372 967 248 532 258 235 537 304 724 774 969 594 673 525 227 137 845 
580 258 581 508 969 228 893 173 931 125 609 177 395 944 164 771 673 390 436 466 
362 368 173 509 784 495 451 7 779 319 919 348 847 710 347 594 302 155 249 939 
71 741 145 922 142 906 657 715 958 362 523 489 965 474 321 538 680 677 796 901 
510 960 317 816 73 949 603 363 986 450 319 505 908 746 684 935 724 141 76 261 
471 572 454 990 85 16 228 331 397 667 668 124 145 462 749 353 138 989 493 646 
559 304 720 286 691 747 900 537 372 609 355 25 859 644 320 433 913 984 645 895 
567 529 765 316 953 274 437 89 851 63 513 148 28 277 268 651 898 568 743 456 
863 942 702 414 859 419 24 763 881 203 758 263 214 79 901 524 984 370 39 173 
715 620 742 212 18 225 819 831 635 482 590 59 52 532 759 556 973 183 357 260 
502 562 21 794 595 813 477 668 365 96 249 16 930 554 685 359 928 836 196 243 
6 975 401 355 571 139 204 909 563 209 0 915 367 84 163 801 589 443 13 845 
768 626 196 816 321 746 430 980 6 166 961 631 738 984 792 759 364 355 223 182 
221 218 217 825 540 320 343 155 541 898 684 559 410 970 583 797 943 757 417 412 
740 335 176 994 487 197 194 328 688 604 198 810 697 145 160 725 238 728 995 753 
721 88 484 185 586 966 12 440 12 130 742 95 467 295 642 125 909 215 697 526 
110 678 18 854 905 605 564 528 684 290 53 746 331 606 59 740 600 824 657 249 
673 856 852 876 66 366 662 71 749 620 739 456 975 897 842 29 989 736 590 553 
878 360 190 847 731 493 178 183 372 279 127 287 997 145 548 12 729 165 278 137 
982 214 649 630 473 950 32 445 947 817 215 225 205 585 814 256 975 540 425 579 
599 203 70 339 752 188 518 398 193 674 264 954 744 243 571 201 807 123 218 862 
549 648 301 912 520 749 301 196 49 986 807 167 520 532 102 748 867 89 570 571 
737 175 133 107 636 405 72 729 22 770 1 673 650 708 600 853 527 700 835 684 
633 521 918 828 920 802 574 883 197 936 328 10 489 314 669 508 649 915 74 645 
176 73 253 990 875 695 682 928 242 118 263 991 565 280 4 314 430 613 576 600 
