877 190 148 478 359 263 571 90 948 188 431 902 191 92 530 280 211 383 905 267 
655 571 527 582 565 429 474 497 430 151 237 336 664 349 734 979 250 732 472 716 
670 196 579 83 944 109 835 94 871 753 359 133 98 297 227 342 389 83 903 652 
812 161 849 989 295 109 105 452 790 316 676 420 135 49 443 910 62 36 340 685 
76 34 377 416 259 110 640 192 320 968 212 906 994 253 81 639 907 648 605 434 
565 152 733 970 230 41 790 897 55 527 573 964 585 137 953 867 1 610 696 307 
414 806 735 675 384 627 686 988 883 381 338 197 949 535 181 253 484 550 523 130 
227 400 975 658 335 518 606 512 981 558 1 521 438 324 641 647 413 945 94 93 
177 36 545 749 110 457 3 511 65 191 612 898 371 167 504 920 365 177 760 109 
574 177 381 248 497 98 930 709 770 569 491 898 682 422 528 833 473 71 862 638 
316 965 88 457 839 730 570 486 124 195 134 155 253 851 411 329 102 249 203 791 
703 19 739 699 936 122 192 466 718 992 944 347 917 111 351 103 470 227 491 211 
468 195 50 649 441 357 811 652 710 440 658 787 411 973 456 912 347 800 274 633 
316 996 808 6 797 717 633 868 665 186 877 73 660 114 891 561 659 470 821 529 
112 647 25 330 958 809 169 840 498 665 340 52 763 19 70 102 684 416 462 983 
79 829 247 934 604 431 409 129 378 590 361 855 45 623 934 556 361 367 389 372 
382 700 792 715 349 462 258 941 249 614 270 721 393 542 337 475 845 170 189 563 
399 581 567 416 117 503 83 568 196 341 846 52 95 505 861 816 79 652 348 249 
341 569 17 322 542 172 99 568 567 435 109 340 10 468 791 578 343 127 462 512 
62 429 483 240 675 921 146 585 292 542 300 107 143 545 263 530 23 960 468 365 
129 643 418 911 290 434 601 366 148 952 201 730 48 486 924 952 805 635 777 455 
578 850 522 179 552 421 169 57 820 841 526 978 532 449 964 227 112 664 245 155 
595 977 491 71 569 761 777 555 35 647 785 130 17 386 175 552 800 85 493 118 
476 215 640 798 415 662 660 439 67 196 724 675 388 514 356 887 762 733 866 307 
94 966 498 282 786 726 793 900 294 969 525 970 24 338 859 642 59 560 248 277 
308 536 716 308 641 651 188 498 554 42 463 814 581 678 76 855 13 69 970 245 
386 354 455 766 287 467 677 678 920 273 74 131 778 348 654 256 104 325 907 495 
435 488 824 269 41 186 279 760 153 543 208 268 230 63 773 999 346 249 807 426 
325 473 312 433 142 526 115 605 705 479 337 207 610 568 118 287 353 199 699 879 
383 740 692 233 223 928 29 832 840 261 945 294 778 374 972 585 392 824 962 99 
245 138 830 163 849 705 263 838 110 207 760 666 206 645 895 292 872 166 449 696 
898 773 468 41 889 506 892 490 239 458 202 300 396 869 106 696 408 787 396 472 
239 777 486 474 615 704 432 949 782 464 480 526 440 987 734 316 975 476 282 19 
723 338 829 654 309 88 950 577 870 559 334 398 381 253 965 462 625 760 670 827 
812 894 9 995 641 263 553 119 927 669 109 317 605 306 586 963 705 683 512 613 
772 764 107 176 512 828 886 760 813 882 427 439 384 0 686 743 237 191 947 802 
111 244 781 32 973 593 360 913 479 927 9 811 977 770 501 486 319 701 535 230 
707 768 966 649 330 711 526 682 685 453 158 373 999 745 698 244 403 128 793 313 
936 99 490 988 374 178 210 360 827 153 266 241 698 577 535 905 428 194 377 459 
1 265 872 423 704 957 164 840 493 302 972 554 787 559 601 856 339 747 916 717 
3 774 261 665 130 398 62 846 323 234 687 460 225 697 227 666 514 742 779 909 
870 899 969 686 617 444 56 703 39 629 746 830 688 702 538 806 141 478 459 162 
537 854 968 803 651 519 878 700 356 743 975 812 716 399 768 107 418 969 933 17 
667 441 44 91 897 616 247 544 424 993 854 195 766 694 564 113 602 426 625 478 
798 213 552 875 167 443 105 802 821 662 378 557 438 261 138 548 519 277 70 958 
630 351 823 874 882 634 420 750 956 579 20 72 818 650 142 162 457 366 933 947 
634 60 134 284 593 28 36 297 850 220 54 865 269 817 158 551 324 171 78 810 
313 529 63 673 29 629 442 11 303 201 114 766 770 313 241 662 627 907 962 89 
593 61 543 817 37 886 868 626 780 576 147 660 66 756 202 594 690 806 210 492 
452 370 33 139 853 352 642 195 365 228 124 798 557 193 784 406 959 215 407 154 
739 665 68 869 167 436 101 732 231 846 879 647 669 763 986 529 843 878 43 819 
582 14 410 646 29 87 555 656 315 386 680 80 169 103 879 277 287 442 176 405 
724 492 874 18 517 428 22 57 874 445 51 742 615 682 924 514 866 527 999 862 
408 913 112 165 141 25 454 228 659 269 987 749 882 568 753 654 42 340 867 427 
725 380 338 907 824 878 754 561 867 73 557 825 335 4 501 55 136 487 263 498 
771 414 614 326 57 139 910 106 84 170 235 999 346 860 873 995 592 644 437 677 
473 598 803 81 679 793 705 286 41 482 76 903 365 995 50 975 240 116 800 360 
276 753 517 949 561 67 758 958 560 948 955 28 763 285 378 366 585 578 187 748 
385 153 796 762 516 598 37 495 136 723 246 206 506 614 856 108 836 499 930 180 
927 220 277 207 226 630 754 224 684 582 466 679 567 884 854 596 782 199 1 503 
16 961 138 637 917 443 310 662 40 964 621 852 614 286 820 622 222 442 235 398 
169 494 208 208 700 140 588 965 212 4 348 503 865 676 195 685 214 160 454 913 
224 349 432 600 100 434 447 105 822 536 726 370 720 393 828 815 232 696 861 861 
717 615 168 582 3 959 737 814 356 771 776 53 537 318 561 854 890 342 5 304 
667 577 193 658 576 55 422 100 554 872 673 83 626 560 67 718 461 511 684 759 
560 54 748 92 310 311 506 247 512 156 560 754 340 3 974 215 466 953 838 319 
930 300 552 633 898 829 799 541 143 46 484 762 601 176 58 693 277 153 129 147 
981 179 855 112 834 872 467 801 909 949 68 775 266 389 162 245 678 40 99 732 
826 123 489 29 976 466 306 639 278 139 360 425 874 876 617 922 780 712 906 839 
450 142 392 197 639 394 463 928 669 808 455 627 462 79 347 41 277 482 380 67 
98 181 726 227 558 710 792 544 915 129 890 563 656 481 234 897 772 348 552 426 
368 606 731 682 410 560 307 478 815 410 312 233 393 967 586 127 353 1 3 994 
687 349 547 403 120 920 538 307 255 361 819 450 759 905 847 705 903 760 447 59 
927 898 654 745 226 498 134 974 677 766 858 407 647 67 908 832 689 802 929 515 
624 555 489 754 385 801 867 623 348 183 680 706 740 753 871 634 70 549 161 656 
432 251 181 737 292 60 535 754 4 167 709 424 288 898 155 752 511 86 839 253 
26 411 519 841 407 247 641 214 268 513 523 956 778 795 244 126 453 183 123 112 
961 216 471 828 63 900 471 205 728 249 259 227 393 806 538 161 103 44 397 755 
341 21 676 468 972 499 304 303 907 836 896 820 15 612 184 405 636 619 927 769 
885 937 375 601 8 40 683 562 29 505 716 810 449 321 908 518 454 861 527 579 
837 963 214 292 111 643 102 652 872 191 609 140 85 263 580 783 143 559 424 211 
873 149 228 123 159 901 107 171 223 768 602 924 532 53 269 681 216 598 395 489 
274 526 207 285 225 961 552 532 408 429 907 14 882 728 407 254 375 866 225 459 
840 876 362 424 455 673 550 875 859 156 446 419 755 850 936 838 224 233 116 961 
584 490 35 841 96 851 548 882 18 327 47 454 584 930 925 752 711 936 911 498 
287 157 622 299 98 930 915 469 259 207 81 606 634 588 79 837 277 125 90 112 
272 709 491 428 296 673 325 236 580 264 41 213 309 906 973 410 32 151 562 355 
530 705 237 819 620 957 145 882 742 782 459 96 336 282 238 156 535 241 808 556 
445 627 229 885 989 866 530 614 389 600 892 640 564 945 58 840 14 836 168 824 
70 286 526 874 747 560 873 687 726 699 840 744 99 537 57 115 950 429 773 359 
408 749 985 971 74 71 231 260 697 10 684 550 627 726 147 374 681 671 506 501 
477 574 100 719 277 352 247 4 537 451 166 519 738 615 57 734 99 225 427 561 
725 110 293 150 37 653 858 875 256 749 387 118 955 18 483 522 52 674 45 163 
885 181 85 780 434 220 852 47 472 641 768 573 721 312 963 982 717 548 179 779 
699 244 826 794 120 415 567 9 207 487 837 935 691 562 194 24 425 206 482 535 
745 782 821 17 789 800 959 607 571 818 846 836 408 452 969 520 422 542 911 996 
95 245 70 631 370 699 533 641 814 453 660 326 29 41 370 197 907 607 143 857 
830 799 275 455 424 907 559 257 98 639 291 811 780 22 791 604 131 390 662 752 
578 224 624 979 692 737 415 304 688 308 748 835 446 987 867 92 426 995 404 773 
183 104 699 741 965 897 114 406 741 134 822 988 868 255 519 400 895 582 404 419 
391 559 302 311 165 343 468 162 271 643 912 732 427 35 807 892 995 567 750 861 
921 584 235 943 709 898 786 619 54 520 305 439 678 25 166 627 521 218 679 363 
686 324 91 142 678 151 271 486 853 967 243 993 487 326 806 23 301 282 463 13 
608 656 694 146 389 449 834 792 74 196 245 581 40 589 245 674 737 940 195 636 
164 881 969 865 974 103 960 989 715 846 656 390 22 253 203 980 469 887 332 390 
105 254 428 753 876 766 46 42 964 747 436 805 495 637 904 511 479 659 495 25 
664 574 603 294 551 40 377 199 38 172 51 668 221 527 174 471 379 263 766 156 
510 379 992 811 519 340 856 465 585 827 733 131 803 531 306 308 708 903 974 178 
855 983 214 916 55 383 641 446 373 33 973 969 247 805 384 356 315 941 465 463 
437 438 208 194 661 788 436 986 29 660 972 716 89 8 879 156 727 583 439 744 
89 803 835 400 609 455 45 33 604 169 436 819 666 484 138 224 406 801 424 846 
73 55 793 662 11 784 933 381 148 582 927 547 400 918 352 107 818 923 925 18 
818 62 839 508 465 117 954 347 381 498 840 681 192 526 615 520 374 854 864 855 
255 996 377 928 585 960 661 480 818 193 122 607 188 742 579 777 514 418 304 276 
266 888 83 787 228 675 292 377 497 610 992 810 775 673 44 543 565 131 888 184 
114 247 482 216 659 569 625 611 820 698 52 147 222 826 849 891 810 565 130 747 
413 988 701 982 925 318 170 936 899 871 835 851 233 463 303 380 46 285 311 498 
576 894 46 679 513 409 202 299 365 885 648 956 258 701 975 610 945 867 906 2 
556 234 596 617 961 144 864 756 110 644 39 430 837 405 278 946 42 348 806 977 
802 554 117 221 575 540 166 903 634 646 156 527 680 54 869 354 103 523 125 888 
178 710 40 830 612 23 260 906 890 595 621 702 828 884 723 878 317 610 154 805 
48 985 505 645 518 938 645 437 29 759 262 136 59 89 145 700 4 236 952 640 
776 950 976 682 937 884 633 615 75 557 187 68 268 299 287 613 494 111 819 212 
827 476 667 516 665 471 788 470 70 997 762 580 61 758 29 396 113 25 231 240 
850 575 345 339 862 236 983 574 906 572 817 525 145 690 716 395 315 87 928 77 
193 649 314 45 745 442 5 598 366 867 581 448 49 168 77 844 493 373 361 490 
991 97 430 728 653 346 465 263 202 714 661 961 247 233 449 709 3 434 729 470 
29 506 499 288 953 919 589 237 778 445 102 743 328 311 514 143 746 83 186 494 
229 439 683 297 125 947 221 362 651 479 855 469 392 895 481 160 250 188 995 447 
893 652 868 535 203 612 525 129 678 238 135 281 637 662 986 999 285 921 136 917 
610 168 409 323 71 449 240 352 267 879 469 138 36 587 5 488 8 483 519 709 
889 306 480 7 609 327 394 249 671 515 912 406 280 869 709 192 170 512 470 40 
508 977 253 478 666 537 839 42 312 945 848 484 917 175 142 338 434 691 99 664 
18 711 487 445 397 495 909 275 816 821 316 447 119 8 722 370 797 718 684 295 
555 800 0 486 15 501 255 128 575 321 125 436 319 191 475 74 871 501 528 974 
697 111 603 990 113 815 779 919 166 275 762 926 584 695 760 19 234 29 636 818 
905 562 561 653 590 563 14 916 489 959 149 727 758 975 673 669 917 547 466 805 
68 47 283 502 423 54 742 122 179 502 86 200 936 68 93 978 406 129 151 716 
977 950 190 943 431 467 16 836 128 366 118 372 56 34 438 944 202 150 699 573 
413 56 851 722 51 113 10 277 63 587 918 338 399 97 434 765 707 341 638 731 
989 815 439 236 241 165 331 292 223 726 144 882 54 756 397 416 811 673 129 148 
418 864 795 998 764 104 729 843 603 508 229 713 842 911 197 285 456 63 50 241 
198 678 259 66 782 361 403 201 415 338 936 464 351 281 478 567 488 219 987 559 
390 809 460 264 743 517 760 606 324 280 435 305 944 375 758 413 230 559 997 350 
472 14 449 64 229 853 879 735 858 3 256 35 133 11 914 446 854 577 328 792 
30 760 470 882 988 32 952 874 126 966 290 23 229 149 514 62 749 756 358 612 
803 559 112 893 919 578 697 980 740 275 165 171 478 448 123 725 427 177 984 979 
149 359 76 964 575 197 349 0 326 862 259 359 658 72 268 493 325 135 824 938 
148 644 903 575 131 143 346 242 837 115 600 454 540 977 898 805 574 232 1 232 
937 740 606 328 936 500 498 701 487 1 63 511 923 27 7 340 942 877 539 657 
897 229 607 996 330 221 444 65 161 869 582 308 46 349 407 687 253 349 411 348 
564 424 630 244 92 776 3 537 190 843 783 618 696 679 181 341 808 418 690 82 
913 501 804 52 444 345 887 491 168 971 448 537 205 44 189 570 85 860 20 671 
644 928 676 820 961 473 794 961 518 592 292 614 349 599 443 258 643 81 716 150 
578 260 415 341 617 502 853 271 438 486 787 590 559 645 964 384 829 628 286 295 
27 159 587 238 326 179 411 989 716 68 248 958 858 122 186 336 33 293 484 251 
400 246 95 574 56 272 677 550 844 471 561 56 463 768 893 185 411 569 916 740 
223 746 121 796 720 77 927 834 172 913 395 304 555 437 567 639 439 179 225 606 
421 179 123 388 211 458 283 273 277 642 998 816 515 252 353 967 54 419 480 882 
315 251 578 573 662 506 429 72 339 734 302 800 384 935 76 11 143 197 974 972 
771 581 65 489 505 881 246 825 618 222 212 801 997 586 778 553 658 141 504 131 
644 463 518 427 735 235 588 309 226 418 932 339 614 115 821 766 57 393 250 912 
348 941 322 880 779 966 417 861 582 111 679 574 499 56 696 673 575 423 892 242 
381 944 807 550 934 50 339 161 362 173 332 53 821 505 612 141 245 296 905 769 
651 495 908 666 376 896 643 608 954 84 354 665 320 295 997 437 34 741 521 152 
100 604 604 264 21 689 481 112 2 943 96 364 952 917 46 638 699 296 617 889 
256 881 639 11 314 688 352 648 555 81 336 492 280 926 466 145 803 813 393 59 
683 435 64 392 750 545 709 228 218 495 321 827 345 558 780 912 123 498 398 718 
616 512 121 901 94 611 461 416 431 509 180 748 711 765 328 947 181 860 649 906 
176 661 443 552 420 636 871 736 300 261 649 304 906 553 507 603 597 292 120 684 
115 954 202 685 999 548 392 478 324 653 450 649 371 890 119 78 89 714 610 355 
653 746 832 182 824 268 261 326 566 528 720 374 628 867 724 876 251 400 440 321 
364 797 760 169 91 207 933 846 137 400 988 912 245 344 891 248 643 801 449 765 
568 576 686 334 693 585 536 761 194 794 175 164 124 635 60 914 418 99 222 808 
220 151 900 984 237 679 450 982 507 537 966 889 196 851 194 228 204 147 799 126 
348 200 679 351 373 663 196 836 685 679 0 876 169 966 540 187 740 999 117 519 
503 244 844 866 298 465 100 912 393 745 505 417 954 949 551 273 518 617 81 622 
791 521 732 778 153 157 931 873 427 785 484 117 360 928 642 904 281 690 781 521 
437 811 247 588 812 134 608 515 72 82 228 465 885 131 867 361 587 812 929 594 
458 908 287 614 677 447 522 411 273 495 755 849 384 858 143 93 513 941 576 709 
491 881 443 757 610 941 67 130 688 332 990 477 552 705 550 739 231 664 779 298 
731 775 295 574 689 941 219 661 906 785 936 911 102 990 440 930 164 773 445 405 
383 732 170 548 453 902 210 339 669 828 469 750 599 586 354 961 985 196 793 451 
326 10 616 529 409 90 457 152 539 221 330 394 474 733 589 869 394 926 417 848 
816 657 785 152 844 449 635 930 239 304 555 665 438 889 761 554 22 476 336 558 
448 197 497 193 398 669 200 777 167 662 540 120 135 953 749 925 995 43 521 448 
900 719 488 469 394 853 729 635 258 988 284 790 163 379 705 249 541 191 553 40 
819 856 932 596 963 596 682 928 68 976 614 676 215 212 944 536 905 30 561 772 
776 10 37 222 979 841 396 595 623 488 33 697 423 483 855 68 580 9 808 288 
102 552 729 591 681 164 338 506 635 245 50 85 173 239 235 503 449 583 761 455 
307 762 624 293 75 447 95 984 137 392 112 404 161 468 130 823 130 433 688 291 
114 945 667 814 156 682 277 480 916 531 904 333 898 828 607 341 894 581 346 376 
427 793 480 109 870 884 64 588 801 722 609 307 587 578 99 550 371 892 469 43 
213 79 449 157 339 46 628 87 24 875 290 395 649 269 98 43 573 886 229 760 
343 48 13 401 329 217 788 775 338 196 410 510 499 242 932 206 447 553 169 819 
634 20 54 850 180 723 748 278 173 724 536 257 811 434 412 230 633 397 549 319 
987 306 301 242 655 269 105 650 518 332 309 27 684 861 982 365 731 603 280 157 
831 341 346 961 134 520 687 882 590 814 254 135 651 406 172 567 889 798 704 471 
647 607 423 701 853 712 170 220 727 133 909 530 498 378 233 30 647 722 780 253 
310 861 919 295 773 529 656 317 128 167 913 78 643 218 489 571 918 44 90 511 
464 386 683 211 383 97 758 49 863 233 700 439 161 88 544 758 734 250 681 828 
93 640 132 463 185 782 850 99 606 490 734 525 877 442 945 753 950 764 393 953 
165 860 55 271 305 746 345 302 561 458 312 635 295 408 210 969 130 995 914 22 
974 913 310 368 311 995 177 748 990 499 130 800 810 651 822 855 619 8 754 125 
916 583 675 315 503 591 209 366 437 559 153 43 333 801 706 262 749 215 922 219 
15 420 874 228 766 271 271 261 850 212 883 244 871 371 732 412 508 773 178 4 
11 28 175 372 252 106 794 552 352 653 324 464 99 41 511 302 104 391 276 66 
691 157 828 99 139 110 273 974 127 395 78 820 859 497 348 183 91 941 894 469 
383 870 55 281 567 34 379 902 305 995 539 581 633 803 901 177 72 166 692 249 
968 128 387 174 702 839 480 925 465 881 543 831 283 736 227 671 6 69 564 564 
256 148 366 624 186 271 631 392 429 917 211 292 126 340 267 9 828 540 603 782 
551 358 723 108 667 205 177 442 557 908 300 175 718 457 124 977 422 144 456 6 
379 354 120 129 489 24 325 391 236 562 189 674 12 341 635 589 720 5 911 602 
855 79 338 977 626 306 781 697 366 934 106 636 729 478 842 982 739 402 152 270 
567 249 703 256 305 885 232 754 106 175 734 126 858 964 342 96 557 928 136 808 
370 314 683 786 928 600 329 884 41 93 22 951 796 952 511 922 141 510 608 363 
360 299 551 264 478 413 495 13 727 329 591 838 809 883 349 543 599 112 901 299 
126 406 726 90 148 335 46 334 257 665 381 600 891 809 328 534 956 969 127 96 
527 832 841 819 780 937 870 421 471 183 478 730 208 583 200 999 414 142 573 893 
717 493 78 768 282 146 635 657 788 337 317 296 454 66 718 750 474 701 304 978 
448 59 508 418 295 559 900 805 331 126 186 967 0 298 211 756 758 61 638 88 
957 148 361 991 947 977 118 368 36 558 154 967 841 999 111 804 420 663 426 62 
739 885 815 659 987 313 507 572 950 386 571 557 312 194 3 603 319 516 770 449 
705 356 604 188 603 872 167 598 871 686 666 136 189 798 755 883 973 465 912 880 
131 730 265 526 116 499 436 213 521 251 232 969 674 336 822 97 325 560 924 784 
495 580 652 284 337 318 598 445 583 842 817 928 445 779 383 429 730 480 66 21 
682 759 665 640 463 432 192 502 240 790 463 548 396 993 169 649 713 447 303 730 
696 228 294 315 515 0 655 968 2 480 286 579 570 463 293 445 847 279 778 98 
987 530 462 808 936 734 447 729 322 960 896 322 753 568 703 67 998 934 944 583 
339 539 936 326 824 28 709 106 627 434 396 166 383 133 898 758 497 306 935 602 
511 250 0 309 145 269 548 22 797 671 642 684 638 626 305 287 260 268 799 77 
858 83 542 642 116 190 884 92 23 141 762 6 797 948 303 514 361 132 318 909 
921 610 277 717 586 868 895 374 103 937 589 782 389 177 928 278 513 373 594 170 
947 832 574 795 807 534 861 499 377 651 715 807 785 928 441 564 359 857 196 619 
449 707 397 455 323 524 19 18 310 667 270 466 724 434 933 409 875 32 794 326 
424 20 892 454 446 647 558 375 231 578 374 406 801 720 145 223 325 629 653 85 
884 599 519 579 603 163 613 714 442 243 55 564 63 591 986 400 599 338 884 343 
656 478 583 7 72 202 584 557 546 227 727 896 787 241 780 916 624 396 376 621 
355 582 962 980 573 874 811 86 885 574 508 787 954 165 422 813 46 456 66 362 
931 910 282 451 211 514 791 854 778 740 429 697 638 474 132 152 27 615 169 840 
280 549 652 141 398 176 939 33 682 795 238 46 448 503 340 334 450 576 191 41 
154 427 196 631 421 885 782 318 288 950 306 574 703 230 69 267 51 974 933 67 
580 378 886 985 552 989 375 321 283 206 916 557 95 385 549 463 5 633 726 295 
709 941 456 856 715 897 112 998 539 719 118 131 981 141 857 363 28 512 610 3 
284 953 966 57 434 7 575 352 337 310 845 795 434 350 761 69 747 375 731 974 
971 731 957 329 533 100 831 27 147 681 180 94 277 147 477 863 795 76 348 348 
767 818 388 874 398 865 887 254 176 799 944 35 717 795 594 116 291 48 88 634 
206 31 439 424 888 499 649 333 361 73 852 81 287 375 130 252 793 100 409 803 
481 617 134 757 473 86 925 69 184 88 205 808 61 490 258 714 986 426 746 796 
804 637 821 72 530 973 750 920 69 601 655 996 551 822 748 987 655 709 991 652 
315 405 660 373 519 450 885 36 781 494 633 83 53 104 208 961 304 450 994 375 
463 71 633 697 218 717 68 542 238 231 118 913 893 958 462 961 252 232 88 813 
121 745 540 764 364 738 645 972 520 424 901 82 10 679 567 657 649 150 205 510 
222 380 779 556 606 787 219 171 117 83 83 127 798 603 764 141 712 500 980 753 
35 54 879 774 460 752 897 982 189 281 407 411 328 44 198 100 941 940 140 340 
66 644 766 872 475 962 898 792 866 509 46 535 576 349 936 622 893 546 47 430 
589 815 682 573 372 344 48 259 866 82 495 772 538 554 785 601 456 336 668 259 
386 45 353 903 48 324 912 137 646 13 121 578 474 303 174 291 657 23 215 791 
455 116 926 579 230 77 236 986 454 13 404 823 86 621 167 329 691 843 943 958 
311 34 672 889 643 538 859 598 744 289 37 577 417 330 903 305 165 173 432 282 
357 591 192 267 809 140 430 637 224 778 301 534 39 880 2 717 769 391 777 30 
520 511 600 688 411 485 428 766 88 731 363 403 388 984 794 113 417 666 536 75 
703 82 554 817 703 823 864 764 467 582 336 323 826 520 370 710 963 955 404 745 
303 334 775 75 484 648 729 383 799 264 860 402 129 18 638 727 734 224 459 319 
690 71 472 21 829 4 866 185 241 895 799 299 601 726 90 451 452 117 189 838 
98 853 761 108 606 394 322 383 589 210 433 94 334 899 794 635 954 188 751 706 
54 766 412 452 102 580 718 35 741 169 357 974 787 585 513 959 413 331 668 251 
747 301 188 385 166 417 668 879 649 614 443 521 153 578 877 732 880 263 281 146 
438 963 323 791 57 5 139 916 471 492 878 921 945 410 570 840 131 289 832 271 
617 597 805 230 164 650 425 170 332 303 317 298 576 668 470 256 893 352 575 218 
108 85 214 330 711 216 109 530 812 724 620 764 122 70 149 321 812 615 352 768 
117 693 113 585 291 763 550 379 534 562 277 67 291 167 774 78 828 487 316 344 
898 705 666 118 686 435 3 633 75 648 555 28 913 816 172 456 126 40 147 598 
781 731 613 709 396 801 252 36 872 224 919 58 556 64 968 524 82 251 111 591 
729 5 760 191 424 984 448 479 802 603 142 626 922 884 935 281 672 899 178 350 
909 353 862 800 291 178 360 448 881 239 433 811 494 950 64 1 611 741 108 878 
142 565 781 679 36 972 579 575 311 614 143 362 96 965 769 818 15 198 737 320 
673 117 146 957 265 596 91 938 994 488 768 461 915 421 913 708 228 411 26 663 
840 481 106 153 780 841 16 15 47 892 363 613 74 695 104 349 274 830 834 217 
348 624 492 155 992 907 451 635 625 474 42 345 500 276 861 843 631 695 659 113 
116 500 334 999 957 781 916 891 930 620 115 791 705 174 864 9 654 72 905 650 
612 200 540 932 634 624 495 519 577 398 970 950 589 647 42 653 986 574 871 910 
817 711 359 884 891 625 380 423 893 811 84 682 132 254 953 929 763 691 232 239 
107 519 437 791 475 964 247 489 80 738 703 551 622 926 287 688 751 625 753 453 
732 28 933 627 82 994 623 656 46 656 592 329 661 320 764 947 189 164 77 921 
720 329 438 78 210 865 522 899 160 518 909 507 211 940 459 652 222 710 880 857 
516 76 231 86 774 459 104 388 788 966 652 102 873 867 706 643 84 977 447 948 
244 577 993 808 939 610 501 431 31 618 266 324 149 521 334 846 702 56 591 200 
735 706 532 920 300 497 661 517 389 485 584 5 923 233 598 541 468 342 501 298 
13 92 543 272 560 102 219 377 495 389 42 288 903 728 805 535 248 363 670 325 
444 157 748 740 374 614 298 170 221 521 730 934 465 742 150 270 702 779 503 487 
759 668 26 516 268 457 160 306 526 999 548 812 442 842 659 794 333 777 119 583 
263 378 292 451 939 567 743 470 774 521 171 183 54 797 253 260 749 628 347 866 
734 871 561 840 983 162 796 847 23 705 531 20 602 385 355 465 779 728 729 448 
545 375 501 746 269 838 725 856 675 753 255 816 191 138 188 625 306 592 9 10 
693 78 224 72 349 94 223 95 583 616 198 596 726 701 911 960 779 553 585 687 
709 657 69 26 9 353 125 41 59 377 745 205 614 969 637 221 24 138 728 431 
978 15 685 962 902 404 879 41 290 629 497 794 460 243 36 336 862 67 52 774 
300 311 517 782 619 145 585 529 556 388 606 63 378 405 710 177 65 931 183 781 
455 683 804 569 943 191 75 92 139 456 329 938 954 265 435 366 27 838 942 485 
49 101 353 856 223 195 9 530 614 42 269 403 260 258 300 292 47 262 100 372 
27 624 764 459 360 887 676 85 183 672 491 393 174 539 369 106 443 952 999 125 
589 810 579 636 945 58 760 827 68 223 158 993 268 372 918 154 28 906 784 34 
223 200 696 444 84 280 582 148 755 709 78 490 672 618 224 944 5 252 408 925 
709 458 128 43 326 195 797 958 574 361 136 47 770 901 541 184 803 444 57 288 
442 656 863 968 948 626 76 831 497 166 452 692 546 127 956 578 458 982 90 929 
791 69 634 226 777 488 458 811 458 230 920 100 501 147 419 793 916 74 143 465 
197 827 548 118 333 167 721 622 712 83 238 241 111 156 855 644 683 528 328 342 
657 382 365 361 727 766 24 83 710 515 497 821 976 648 33 316 691 129 263 6 
623 780 127 655 373 832 672 877 185 53 709 449 345 420 950 119 934 719 176 311 
338 740 578 845 658 279 993 981 191 806 558 228 288 745 95 587 58 81 20 5 
538 559 450 387 642 480 301 158 730 680 817 533 753 694 354 215 397 991 197 699 
735 605 183 358 58 112 460 805 53 429 202 307 255 399 543 838 307 707 177 997 
212 481 341 228 779 560 161 116 830 56 934 940 939 942 8 133 78 947 456 196 
119 254 588 105 639 156 965 528 741 789 97 661 36 416 658 462 879 602 703 467 
624 835 866 761 756 313 506 328 211 473 601 770 191 475 913 685 252 574 906 842 
751 260 951 910 345 407 58 417 462 860 213 158 0 455 179 338 850 991 749 689 
650 611 561 885 846 21 209 72 907 94 8 284 554 202 994 472 612 605 116 398 
271 223 289 883 673 436 735 735 220 95 874 230 843 208 751 790 300 667 875 794 
214 83 893 941 237 470 546 115 492 323 88 829 227 586 365 4 377 691 152 368 
811 521 615 168 493 808 499 317 944 501 377 882 341 301 867 559 833 233 223 807 
506 800 678 486 425 925 703 687 640 899 724 772 438 710 310 759 633 580 421 721 
275 387 778 338 407 509 985 232 710 506 777 787 661 436 574 800 834 529 169 68 
15 828 197 604 94 949 589 691 246 690 277 76 964 502 743 664 861 554 447 177 
179 545 792 32 454 96 144 21 294 997 921 485 310 478 298 872 642 534 454 227 
645 933 811 340 860 101 462 101 407 52 740 962 961 222 916 718 709 570 508 51 
356 937 25 80 356 778 203 240 355 842 968 529 861 562 215 594 378 449 264 393 
4 11 266 43 111 418 397 597 273 44 234 379 908 806 304 199 778 816 72 188 
913 792 562 331 23 763 433 270 183 657 77 19 172 600 640 228 166 324 548 316 
947 934 802 916 15 834 718 456 455 374 513 619 635 384 734 802 978 111 322 920 
506 381 126 197 920 450 230 212 229 980 815 101 394 279 981 624 917 104 290 436 
60 166 814 487 713 626 811 150 599 414 720 983 757 53 465 645 48 586 549 276 
885 667 944 374 999 351 449 117 190 701 646 226 753 63 783 166 53 375 953 783 
550 873 684 484 517 186 287 52 147 31 859 588 286 280 509 296 169 814 871 133 
120 795 241 652 21 633 140 385 892 262 688 612 518 383 719 103 476 371 313 146 
530 129 641 436 295 955 688 531 873 29 592 758 334 97 363 40 72 141 590 991 
649 0 840 822 448 768 543 872 498 440 398 87 68 528 55 228 648 445 255 15 
799 283 706 200 166 632 901 919 907 242 283 418 378 76 601 797 75 781 94 407 
318 841 693 74 426 197 14 723 954 509 284 347 962 792 991 789 56 734 37 393 
318 57 356 520 543 58 228 193 160 333 755 980 385 799 952 45 988 103 108 802 
533 755 982 472 98 469 438 972 622 750 92 462 352 96 626 970 17 58 575 634 
950 336 893 982 947 82 526 134 465 374 146 465 40 568 852 231 273 616 23 316 
349 405 682 933 850 105 891 328 544 733 563 15 22 23 790 158 499 536 831 518 
58 299 153 832 76 643 0 269 36 236 401 742 368 669 792 352 372 220 169 42 
43 818 481 202 440 161 13 604 105 323 883 340 990 629 368 143 113 452 361 205 
966 790 214 290 516 821 700 461 805 503 386 376 539 593 679 561 59 374 274 72 
542 842 529 18 45 508 478 525 30 83 703 158 429 136 549 888 972 989 592 45 
61 716 760 17 767 115 111 197 224 750 269 130 690 878 220 398 729 313 157 156 
347 633 930 447 49 825 942 47 86 310 410 856 773 314 650 238 800 55 791 950 
606 306 910 537 836 990 697 138 872 274 988 634 993 509 938 201 475 802 681 704 
82 999 468 381 669 610 400 199 653 325 105 163 830 217 557 566 677 282 841 860 
26 394 75 680 536 432 295 748 147 242 734 76 129 48 445 382 196 451 106 876 
215 686 731 686 383 356 554 217 316 402 828 157 304 758 202 366 719 433 98 152 
760 249 518 336 499 65 780 817 595 773 240 669 782 673 719 565 706 521 693 538 
730 847 202 124 842 456 369 115 623 320 809 981 802 551 199 711 639 899 587 687 
129 744 562 97 825 902 948 889 30 211 447 697 71 120 804 899 263 735 24 241 
808 749 493 74 483 109 626 80 870 710 505 192 319 693 744 730 384 766 362 482 
612 311 574 517 594 805 840 280 519 4 599 174 168 153 743 240 873 274 863 906 
687 504 6 804 245 875 442 94 749 271 273 599 500 407 211 408 267 799 120 108 
284 365 974 931 10 507 285 487 996 398 191 78 995 67 698 962 474 243 528 766 
541 132 289 74 997 546 247 664 396 773 978 727 19 853 245 952 580 867 681 631 
901 922 104 764 34 726 485 379 366 676 322 209 795 210 154 169 432 400 784 166 
226 479 888 913 751 425 724 492 463 834 553 456 195 517 316 92 523 889 871 968 
306 446 361 777 949 379 676 421 156 338 144 449 648 982 152 17 454 739 404 465 
418 551 359 481 511 783 450 6 518 509 192 910 702 57 395 404 83 54 959 102 
546 191 558 635 419 353 908 56 200 842 27 597 614 10 690 964 969 481 417 569 
252 313 617 896 449 174 857 915 686 731 244 220 1 951 545 498 246 512 587 855 
782 478 19 273 626 443 666 431 480 834 275 199 365 646 912 813 772 620 700 486 
654 451 601 54 178 2 3 399 167 924 757 900 784 624 554 765 367 931 775 611 
981 690 599 502 368 858 142 588 383 915 18 181 986 565 167 549 61 193 115 818 
166 363 818 255 581 343 954 160 228 865 568 271 431 897 109 599 182 615 276 350 
552 508 661 416 395 737 679 993 353 835 977 123 636 384 234 186 806 931 57 436 
706 646 199 381 583 160 277 801 366 893 808 499 506 542 692 958 928 640 471 338 
551 865 901 266 73 384 301 923 346 381 153 455 705 753 419 411 909 414 791 6 
425 978 604 171 563 321 855 0 578 561 409 576 406 146 183 622 148 773 683 508 
650 307 977 898 0 514 45 106 208 524 555 996 199 936 822 238 300 77 645 782 
208 564 28 667 231 774 335 616 942 38 340 411 653 328 713 637 312 497 491 410 
768 745 385 908 703 911 528 307 780 739 472 200 859 258 623 306 825 469 13 329 
175 979 368 376 852 913 297 824 464 351 238 771 438 797 617 998 130 357 545 491 
396 394 727 270 443 330 860 462 549 416 929 958 437 941 391 885 231 536 345 571 
993 267 366 141 554 560 499 642 7 276 601 638 259 827 786 359 511 244 2 303 
482 726 172 826 267 579 170 153 333 524 457 269 2 518 556 975 475 379 31 568 
575 443 951 100 42 981 705 957 559 313 377 37 266 440 116 68 303 326 527 899 
423 206 145 735 308 918 550 930 122 221 662 927 177 483 221 197 672 264 524 902 
421 87 145 840 330 988 282 11 362 460 352 812 92 300 209 369 830 829 694 934 
671 518 518 384 334 563 866 520 102 476 196 459 406 737 834 855 596 36 943 800 
667 39 899 620 189 457 825 227 434 155 394 651 784 399 481 99 437 627 942 863 
844 114 959 171 629 204 268 268 8 640 817 235 546 431 26 251 817 18 458 949 
85 646 428 249 688 151 877 976 823 467 34 824 361 369 198 544 448 746 639 229 
301 318 74 164 41 314 115 368 873 257 714 62 929 832 634 863 629 454 252 111 
396 884 396 436 446 825 282 360 23 162 435 626 236 520 633 394 758 914 456 676 
509 605 490 679 982 16 454 903 880 989 829 719 307 293 45 235 146 531 561 596 
763 564 280 853 829 317 557 783 553 998 864 312 436 190 59 800 203 887 391 743 
968 827 583 601 277 351 133 28 302 462 69 44 876 377 863 269 119 14 432 73 
83 415 755 217 854 69 443 81 425 604 317 496 446 968 172 909 969 560 877 593 
241 754 52 152 49 568 702 273 706 842 57 897 716 556 681 770 988 225 652 458 
584 175 168 777 657 109 3 987 688 202 323 440 84 704 976 184 843 186 383 466 
143 193 376 702 691 125 954 618 622 570 605 827 863 153 944 476 970 336 628 459 
609 405 121 586 511 607 519 827 689 517 624 720 846 156 853 130 656 370 22 144 
259 712 741 899 246 400 549 679 240 972 887 373 85 535 981 782 385 383 579 354 
428 235 443 107 182 977 632 99 901 84 397 237 196 652 646 739 430 326 879 980 
884 494 764 896 108 810 985 54 435 881 731 389 843 251 222 970 80 603 609 723 
887 138 959 753 57 622 655 67 751 651 270 472 574 544 995 245 77 757 276 857 
876 412 303 980 55 94 643 159 955 671 360 928 185 949 116 52 649 476 552 955 
880 406 818 454 773 689 764 596 32 449 597 454 181 448 303 991 360 531 985 256 
552 447 909 299 537 243 180 766 108 536 105 594 738 399 220 797 202 729 472 173 
655 733 990 310 613 389 723 405 461 946 664 46 335 426 496 771 95 527 992 958 
595 817 994 298 580 518 538 268 604 89 733 855 31 305 398 393 461 796 235 632 
470 732 88 353 559 32 882 866 116 382 990 734 526 960 187 961 303 964 365 445 
516 888 844 644 659 638 293 406 36 460 495 590 837 592 104 736 272 314 433 294 
568 706 752 164 340 835 260 904 747 480 966 638 193 943 86 354 905 515 747 791 
907 566 143 696 487 78 555 493 547 319 575 48 754 938 612 593 270 708 845 31 
623 586 595 591 756 228 721 458 545 32 200 26 202 224 964 109 687 982 414 654 
176 255 874 312 691 62 276 564 35 307 255 597 284 651 646 394 509 649 927 84 
300 597 388 24 536 245 260 951 875 945 490 220 278 723 652 86 962 374 814 895 
916 751 712 516 489 818 110 30 315 574 862 639 458 627 647 201 550 594 16 388 
899 150 423 767 230 786 443 25 400 483 596 368 449 392 729 282 639 311 274 290 
598 225 672 957 18 921 378 13 443 473 969 781 480 325 685 999 200 436 929 603 
636 541 589 808 961 206 963 280 309 899 796 399 735 364 180 220 84 751 883 348 
904 169 997 538 746 279 349 963 75 826 845 714 247 10 825 703 501 634 589 14 
716 124 395 157 430 70 658 501 706 6 227 597 412 738 502 955 0 595 549 373 
839 571 71 607 753 668 704 885 980 275 462 572 179 149 391 260 643 192 897 224 
802 349 843 193 704 861 330 984 651 938 22 747 197 447 703 346 473 66 458 82 
726 425 888 697 731 371 936 211 588 433 603 397 932 988 761 768 540 912 11 624 
282 746 337 806 877 390 589 954 208 605 383 61 933 308 154 718 508 40 14 251 
44 497 695 683 65 980 311 922 239 734 56 300 350 541 892 5 934 801 257 969 
861 692 375 327 279 309 995 619 821 947 441 589 273 480 309 636 344 388 955 62 
841 20 961 20 22 154 921 842 609 239 683 885 513 583 930 888 700 276 133 736 
855 661 633 167 331 639 566 622 250 588 455 798 716 236 134 448 35 426 791 11 
773 193 827 15 115 310 840 952 925 447 967 989 969 364 71 969 300 461 496 898 
975 805 402 472 181 933 735 64 69 44 862 946 715 846 865 791 28 218 33 535 
706 760 113 954 396 714 369 181 281 59 884 840 814 270 524 701 423 664 604 3 
443 472 165 349 587 310 421 301 555 194 734 316 818 846 171 558 543 519 904 721 
637 7 194 943 240 527 845 69 576 140 565 755 117 791 30 428 492 89 336 680 
801 974 765 553 61 266 189 618 923 57 957 551 517 579 411 824 364 200 221 664 
568 233 658 926 229 784 616 825 94 920 896 489 118 535 552 932 261 202 431 534 
527 458 102 829 100 671 661 684 171 690 108 309 120 279 603 477 16 387 683 219 
83 698 375 640 193 700 813 878 495 840 842 826 148 626 517 220 816 641 58 145 
357 708 794 334 976 239 104 23 433 776 591 25 168 479 723 165 891 837 174 622 
638 524 348 670 290 311 208 891 889 547 928 416 953 279 167 33 599 72 314 998 
230 208 997 164 320 16 646 448 715 627 249 62 584 757 630 825 96 275 785 212 
568 605 49 56 935 738 179 975 550 130 367 488 175 250 923 988 296 756 758 761 
810 61 96 900 253 971 745 172 583 126 919 357 357 957 947 515 616 965 614 695 
108 694 80 702 837 15 226 424 347 307 429 959 728 371 762 41 822 62 267 711 
942 478 882 935 783 909 64 359 788 616 392 3 114 971 254 432 496 389 58 834 
815 205 474 323 196 941 199 893 491 319 990 562 6 29 9 594 935 996 55 509 
578 964 194 137 663 865 903 358 303 878 244 848 228 915 157 181 278 164 655 600 
19 261 616 965 15 786 774 182 620 147 328 541 523 288 602 146 876 441 957 280 
51 762 598 67 979 597 494 53 983 208 746 810 655 496 371 512 80 302 176 586 
439 217 203 79 103 180 498 46 129 458 631 349 707 95 842 595 644 569 877 739 
959 319 384 674 902 168 390 450 489 440 583 360 551 990 984 938 133 313 592 589 
357 372 285 606 112 15 990 808 126 617 522 998 493 595 617 545 361 278 792 76 
403 608 963 398 605 483 959 983 373 134 734 31 520 496 30 443 513 738 660 514 
354 148 253 871 50 371 21 47 583 289 915 878 390 526 813 261 273 566 560 271 
456 171 531 595 531 677 428 372 799 486 67 328 511 802 182 590 197 295 540 308 
681 58 774 928 193 459 531 549 482 577 507 135 190 961 494 779 934 851 486 25 
34 333 722 299 806 380 333 203 679 864 486 424 23 440 905 881 429 750 814 293 
257 780 432 874 486 887 201 813 457 186 428 385 921 358 275 747 239 609 946 646 
648 349 932 994 0 147 988 587 121 751 191 103 37 134 952 63 433 645 523 897 
386 243 462 94 268 490 669 728 297 378 14 742 359 567 852 355 797 355 455 940 
166 431 556 249 895 991 361 469 294 939 236 505 804 581 476 374 597 664 448 570 
28 805 439 365 780 412 520 580 853 169 187 493 636 533 870 44 854 167 477 909 
670 90 412 76 509 849 575 570 529 432 756 32 738 868 343 577 216 326 806 242 
401 620 278 150 242 809 926 768 731 407 490 391 872 657 955 553 398 925 613 145 
867 354 569 683 752 311 364 795 915 292 184 424 160 437 273 934 105 164 883 972 
366 846 882 971 318 49 369 385 550 387 359 453 281 71 159 523 193 732 752 250 
996 607 420 173 643 970 700 991 752 973 660 410 390 84 811 361 829 217 990 756 
909 435 798 660 619 230 167 592 898 197 577 600 756 646 188 272 922 573 536 583 
48 460 619 872 923 650 655 392 639 657 755 818 373 732 664 359 370 864 599 130 
806 930 289 851 363 25 151 546 788 990 971 95 336 626 879 583 879 998 237 482 
620 177 662 994 164 637 839 494 894 475 760 417 571 617 319 132 624 745 645 251 
57 891 879 495 65 550 160 575 191 747 596 933 51 666 544 446 994 137 721 825 
494 185 19 932 641 340 851 155 291 813 534 915 874 646 650 407 90 88 782 80 
590 974 758 706 621 19 834 300 600 981 392 72 579 890 878 428 489 642 212 288 
221 781 818 569 871 551 822 806 140 944 665 65 290 153 426 40 121 980 562 957 
509 11 914 2 732 28 906 625 379 692 484 251 678 49 793 215 167 60 450 557 
655 599 25 540 299 451 520 369 288 302 826 553 274 531 33 504 178 889 504 747 
294 657 194 651 333 26 587 123 979 559 270 340 410 76 446 943 650 733 944 707 
730 584 553 959 935 307 244 122 548 537 671 753 779 97 855 682 35 735 464 766 
243 663 233 259 357 480 576 755 399 22 282 191 230 970 38 785 859 501 955 216 
115 810 470 877 938 500 657 654 199 673 216 888 686 845 741 770 90 457 663 192 
857 38 103 845 677 381 107 141 903 432 326 338 791 166 335 549 57 51 777 767 
722 950 3 969 60 808 945 145 375 201 787 669 128 661 421 277 670 583 487 644 
946 421 197 551 663 836 225 706 291 325 71 343 372 224 818 224 142 184 909 615 
84 984 629 876 110 700 237 983 146 123 202 110 661 643 392 649 923 829 772 788 
742 898 148 285 788 695 715 374 732 997 682 693 498 853 931 771 417 658 463 578 
216 622 876 395 976 738 951 470 941 232 368 738 75 435 526 920 18 874 888 875 
885 736 526 547 840 168 271 515 225 967 532 31 401 714 429 554 74 42 594 975 
258 213 5 702 745 367 246 625 824 585 55 687 450 48 154 233 671 137 823 4 
735 988 786 198 92 110 685 684 467 284 26 11 757 716 811 94 928 518 29 432 
763 660 74 970 67 278 262 391 263 440 133 405 170 8 323 519 858 371 764 313 
389 887 397 548 260 998 210 67 130 105 274 493 342 547 327 924 94 928 459 780 
455 142 504 392 11 243 918 90 139 295 618 777 397 971 844 904 999 90 690 277 
573 343 900 311 7 239 872 484 454 968 871 281 568 315 375 835 530 838 562 590 
550 764 799 612 6 817 952 520 543 873 108 116 41 72 509 280 6 736 988 555 
89 758 307 662 257 341 788 111 486 864 465 588 348 202 924 90 53 632 983 956 
172 769 918 943 111 597 148 142 68 652 395 777 968 584 24 43 123 918 78 100 
736 321 50 540 660 880 743 754 637 320 723 892 37 748 873 392 310 381 617 994 
793 613 341 830 314 968 29 896 638 53 949 418 319 905 957 950 559 310 305 117 
876 714 866 128 699 322 862 829 264 816 627 587 420 554 674 361 376 54 241 813 
681 299 401 185 372 241 506 746 220 620 723 963 682 37 94 583 589 81 531 359 
82 758 876 491 597 260 74 220 961 448 102 809 540 519 570 256 519 880 769 976 
764 179 11 44 456 745 534 762 84 931 434 821 670 456 43 465 382 521 821 61 
366 152 195 413 608 353 888 224 407 767 266 271 647 969 947 80 390 455 66 825 
663 784 953 561 420 85 720 548 932 676 27 509 142 397 856 881 989 289 155 649 
708 309 429 384 36 753 210 598 699 709 714 284 215 398 770 657 284 286 20 205 
122 674 100 924 938 40 869 517 658 592 235 899 887 610 746 491 971 600 7 559 
624 214 254 3 572 311 164 694 237 90 197 252 926 477 353 633 586 400 2 744 
696 605 825 5 664 934 81 48 366 128 684 195 428 135 910 269 901 138 783 993 
743 225 28 856 728 588 624 6 245 725 703 876 662 448 219 577 550 706 283 934 
842 496 880 474 632 802 890 420 314 40 571 839 59 883 969 611 321 359 890 377 
99 191 404 111 453 554 547 885 546 581 950 151 130 713 603 100 316 470 850 678 
29 488 840 563 1 113 693 387 137 919 424 587 590 135 217 698 141 666 535 474 
212 71 595 281 827 794 157 280 47 92 126 924 435 730 430 691 104 194 86 249 
15 939 328 444 180 356 6 845 437 72 209 160 594 921 947 797 248 603 750 960 
953 546 806 85 103 862 853 257 697 566 718 77 668 939 844 260 357 47 547 271 
462 141 959 959 303 570 716 291 575 12 582 586 883 106 427 283 935 989 149 563 
131 134 443 175 751 216 739 850 402 630 137 426 207 784 779 390 201 82 832 706 
633 974 526 807 245 276 739 452 779 62 190 346 551 425 727 894 25 841 148 768 
850 387 982 268 608 689 956 478 177 986 134 108 885 520 980 79 238 718 943 417 
124 810 984 381 820 199 89 244 425 502 41 68 494 598 276 950 939 625 377 983 
142 737 981 215 971 923 713 521 783 490 456 586 330 39 300 182 667 609 193 351 
528 895 217 239 454 165 425 976 182 903 532 401 33 719 647 796 405 837 325 830 
360 648 140 791 700 568 576 227 236 501 454 464 550 797 76 113 801 226 519 666 
425 683 740 732 809 477 155 275 872 392 249 903 240 638 613 448 411 826 14 269 
534 654 970 183 114 295 314 417 704 541 396 299 701 365 385 944 687 17 977 964 
935 100 979 834 647 70 170 92 278 255 948 796 521 769 820 459 253 718 763 921 
50 100 578 436 378 430 219 276 442 510 265 758 560 943 381 295 670 248 555 612 
294 605 780 32 255 480 300 902 102 545 319 895 520 57 800 61 767 669 58 705 
107 49 923 675 123 59 382 160 349 938 495 784 322 479 508 169 741 346 618 470 
278 728 942 812 817 723 782 974 52 955 319 943 970 660 303 617 641 288 45 267 
515 302 936 272 867 714 198 670 318 392 503 476 196 67 960 416 670 875 156 167 
363 399 248 670 110 294 437 73 770 852 428 266 561 659 501 556 377 232 513 504 
808 264 129 120 753 675 534 186 63 680 842 912 930 961 158 606 864 367 646 187 
341 985 258 699 598 330 566 771 171 801 949 607 595 308 353 722 716 671 886 340 
307 2 136 904 393 145 729 670 895 688 624 686 291 230 559 223 299 489 187 639 
441 659 601 651 784 332 15 417 726 791 609 364 667 169 854 192 33 536 706 823 
52 224 820 188 267 980 187 621 592 779 404 534 324 432 631 812 39 534 172 534 
599 12 360 179 966 134 260 944 305 725 431 689 46 712 131 659 486 98 366 487 
196 533 938 417 596 983 798 537 815 812 326 217 790 925 625 513 53 312 298 448 
538 152 314 236 542 206 203 956 876 600 616 147 87 481 723 903 137 25 695 939 
289 758 967 266 396 898 726 294 799 280 665 344 236 34 897 96 764 764 830 287 
236 206 593 666 498 46 216 426 538 580 744 474 964 586 493 297 456 76 118 953 
101 308 735 159 774 898 254 404 959 602 322 979 542 789 713 844 221 348 250 72 
727 914 970 494 833 746 826 582 347 450 16 660 111 830 637 774 169 584 824 569 
631 630 905 714 107 692 64 449 71 668 407 50 345 675 461 927 143 846 29 744 
620 324 542 85 4 510 644 189 148 476 879 968 77 154 786 58 723 107 263 56 
353 213 489 384 136 518 673 364 239 188 222 528 236 11 111 637 516 866 314 524 
240 271 755 247 849 941 157 468 517 539 524 443 162 887 510 522 251 411 359 439 
417 470 132 566 795 902 971 228 873 884 121 251 221 208 923 486 291 920 122 448 
26 35 664 352 387 755 168 264 250 634 869 518 532 619 777 74 536 469 738 737 
88 244 752 498 434 376 617 575 233 714 304 462 962 420 564 568 172 576 141 529 
567 12 925 474 696 956 84 388 340 424 92 318 668 784 878 976 167 102 973 600 
606 107 473 485 676 364 703 611 148 38 327 822 344 448 541 379 47 496 197 499 
30 96 545 321 442 274 85 750 349 562 957 922 752 579 917 454 160 317 392 200 
812 758 301 535 293 622 335 576 510 647 780 216 535 356 977 139 733 177 244 308 
548 708 66 869 647 307 602 122 47 806 545 329 843 510 391 716 71 526 754 915 
40 585 873 3 190 853 796 364 883 118 603 722 739 573 932 273 989 90 713 359 
609 136 369 260 482 305 605 461 974 465 78 210 307 807 37 676 740 545 547 859 
28 416 930 647 539 500 19 934 727 193 882 693 829 922 207 690 992 236 935 289 
937 287 954 782 847 808 510 403 337 242 836 994 562 551 441 165 739 842 624 691 
376 342 725 470 492 860 469 355 430 937 53 74 72 918 328 687 381 12 517 239 
236 992 640 567 666 699 800 706 468 565 105 585 701 891 75 688 629 423 626 191 
571 895 383 270 364 296 743 484 957 236 731 362 405 457 696 187 14 733 887 287 
798 879 192 928 497 888 442 932 609 625 518 941 520 62 261 222 205 204 575 703 
878 759 270 298 149 543 178 662 606 148 798 580 976 608 675 0 578 75 324 674 
439 101 817 246 869 319 544 929 627 971 800 142 241 789 240 464 716 2 256 72 
394 673 78 608 818 350 180 817 552 590 663 274 840 720 27 91 1 937 230 977 
301 467 994 570 861 927 191 859 225 664 233 696 425 962 253 517 622 483 697 434 
284 569 621 140 868 436 717 122 325 421 840 764 843 646 494 27 419 4 661 373 
205 835 244 624 235 65 300 569 785 998 516 109 126 2 341 639 754 512 53 259 
504 665 575 419 974 700 74 985 10 476 97 12 592 203 259 374 617 494 412 381 
118 896 60 832 293 347 646 421 371 756 572 696 763 263 849 350 822 204 503 491 
595 800 466 905 961 462 309 971 923 687 459 689 67 488 281 868 186 987 810 556 
998 753 339 55 45 503 296 853 154 510 222 258 622 287 650 532 528 158 794 710 
760 478 835 885 488 166 731 216 764 235 856 469 556 470 552 1 855 63 994 344 
682 746 429 807 26 249 512 261 918 74 946 857 761 163 843 408 878 99 98 846 
780 562 256 703 604 347 476 166 721 89 9 894 456 889 462 855 840 87 132 44 
395 379 61 410 581 732 2 891 909 533 598 228 473 672 930 388 879 673 976 686 
426 116 852 624 466 690 719 861 815 735 270 488 398 711 803 875 133 803 586 14 
124 726 47 875 876 894 14 74 757 279 443 433 547 913 715 310 808 213 434 552 
728 987 206 787 472 329 364 258 656 991 10 881 707 318 629 195 45 250 860 898 
485 309 708 14 915 871 78 848 291 835 438 391 682 99 132 19 104 262 840 535 
343 769 210 180 20 420 56 172 291 230 268 348 487 684 597 310 387 614 797 486 
826 242 394 579 734 486 689 616 887 624 392 188 714 608 802 719 60 224 945 758 
487 178 790 336 829 939 301 402 610 391 480 359 735 133 568 52 731 492 35 668 
589 534 474 432 544 836 618 193 702 538 438 872 992 205 123 54 444 850 380 639 
489 912 719 957 207 49 519 482 850 157 475 310 385 728 447 754 866 781 474 883 
760 875 280 939 959 47 713 653 983 273 922 344 719 355 18 118 380 848 175 581 
987 218 834 101 555 951 200 843 503 164 98 957 154 130 816 655 563 600 994 334 
196 377 151 108 253 984 865 339 30 929 296 724 293 34 382 722 93 258 755 891 
304 632 739 471 981 207 988 684 469 529 540 953 475 641 355 258 299 62 732 699 
805 701 706 97 249 197 305 669 324 785 898 594 140 529 555 65 977 323 806 658 
669 817 449 718 621 554 886 323 392 781 236 400 527 954 365 618 590 692 537 94 
291 445 84 383 140 360 459 730 285 541 573 248 410 216 263 725 610 219 0 639 
557 493 47 528 127 491 529 640 309 966 0 36 599 229 64 427 223 324 508 883 
690 933 32 328 428 102 976 885 289 748 945 742 305 479 214 292 11 653 287 90 
421 627 525 585 339 137 424 167 566 318 812 757 847 884 153 808 789 316 27 767 
147 333 642 671 13 178 538 716 388 634 325 562 735 980 927 251 933 785 579 241 
905 628 861 237 125 320 807 33 274 858 375 60 847 479 537 436 240 30 265 248 
945 633 164 222 315 720 240 899 749 798 545 793 463 472 661 798 996 20 698 387 
998 654 358 569 926 697 680 83 643 332 629 688 474 930 925 135 16 7 943 745 
29 647 938 241 489 297 902 799 571 533 826 221 559 98 831 457 95 115 253 861 
830 843 541 187 177 886 790 941 719 929 732 428 418 813 438 199 22 944 719 951 
370 957 327 160 813 205 866 235 171 870 434 58 968 251 129 18 892 100 545 480 
791 735 519 870 206 855 789 789 359 412 999 87 90 467 633 29 945 456 447 302 
913 177 69 625 785 404 504 341 403 20 37 95 161 368 664 413 857 877 871 169 
588 165 312 927 299 15 776 922 859 25 310 947 723 28 536 324 731 615 228 436 
831 407 249 100 12 701 743 754 171 63 860 163 52 828 209 543 972 634 389 903 
18 715 408 42 638 32 578 417 275 355 308 631 471 795 695 845 553 532 85 477 
658 606 69 637 887 488 922 358 958 667 398 310 910 323 603 579 340 36 538 833 
684 257 736 981 29 803 22 883 783 591 392 749 473 313 568 189 486 625 667 454 
48 467 636 445 513 275 280 437 149 968 522 308 12 416 184 56 78 588 406 38 
727 534 889 628 638 232 566 925 265 415 876 725 907 464 464 886 361 690 504 82 
329 68 73 313 803 856 308 614 140 88 159 333 129 712 17 288 818 28 872 379 
663 195 430 492 839 940 840 639 478 616 785 632 246 353 495 522 162 761 749 0 
71 622 425 834 60 869 662 490 620 604 588 432 681 996 655 891 323 415 558 288 
449 566 620 792 447 686 692 413 145 244 289 677 439 215 412 571 617 213 394 650 
525 480 420 91 270 546 864 945 943 487 8 83 881 675 722 922 346 708 936 899 
439 344 1 231 914 506 160 81 383 113 531 536 652 953 439 710 479 734 817 800 
997 838 416 311 103 543 482 197 535 601 564 932 149 333 102 364 347 447 77 868 
503 399 843 803 530 862 476 71 76 375 259 486 114 388 837 995 539 931 43 451 
248 400 742 896 474 340 558 902 688 766 868 708 608 530 312 925 94 127 37 463 
620 214 612 852 105 439 927 128 564 62 231 866 586 142 703 983 103 956 787 250 
602 504 371 344 891 191 372 28 921 445 153 678 231 689 518 170 952 769 637 974 
651 552 85 747 832 181 584 584 283 701 419 243 88 12 955 794 32 232 670 129 
227 359 224 476 983 402 599 760 743 305 289 765 991 713 861 518 671 484 47 364 
215 792 536 528 858 186 357 504 502 660 70 292 635 421 714 889 273 416 161 901 
207 680 802 4 801 786 31 723 666 723 590 187 963 836 200 408 730 467 679 499 
566 948 884 772 409 495 687 916 992 652 259 386 784 908 160 397 625 706 515 257 
783 955 843 189 310 905 925 772 158 142 787 235 975 959 408 643 223 294 39 830 
353 565 861 968 249 248 411 918 958 34 217 138 398 11 736 778 296 232 670 165 
542 275 679 439 274 21 386 95 154 769 730 871 527 931 918 212 322 569 740 280 
624 97 721 36 760 267 795 25 290 744 611 944 387 475 957 40 262 390 10 745 
157 489 856 247 240 295 368 809 829 521 625 698 936 79 595 672 61 411 614 811 
380 761 676 896 140 661 748 775 300 715 456 257 590 28 810 974 12 591 826 334 
767 527 915 358 230 860 855 958 364 212 152 216 982 603 169 619 587 833 84 42 
236 875 349 183 989 812 582 499 621 918 356 714 779 627 755 946 169 785 734 853 
606 214 433 128 998 447 450 371 453 999 757 817 709 143 759 962 995 273 997 312 
96 833 775 998 679 102 655 656 370 821 910 975 898 271 81 331 591 700 23 990 
108 16 231 510 383 717 279 387 424 921 944 331 495 58 577 354 387 847 960 646 
9 936 816 58 529 553 784 184 479 163 144 973 328 283 498 32 179 263 110 603 
731 814 445 285 202 8 11 302 232 766 847 581 284 955 797 191 123 3 366 481 
407 331 750 399 529 745 382 566 809 837 274 407 781 856 822 101 553 27 469 18 
486 844 555 860 654 165 179 582 15 413 179 52 606 628 991 470 997 889 843 497 
8 189 173 418 77 421 762 213 443 852 864 493 756 840 459 157 365 550 276 558 
877 352 175 466 868 174 4 272 967 51 369 713 1 769 190 675 764 271 248 555 
792 450 18 608 827 362 465 110 922 487 543 337 94 699 674 722 243 250 606 247 
773 807 816 605 340 184 460 801 625 174 866 264 777 949 44 900 890 563 612 328 
388 583 956 949 154 879 293 398 800 63 363 952 696 350 873 71 64 971 33 541 
157 976 799 284 134 638 663 950 778 602 236 459 780 70 938 83 184 162 14 500 
638 517 757 302 119 647 826 973 5 593 172 991 424 303 831 759 318 268 882 769 
962 487 41 119 977 877 131 547 257 62 887 310 875 445 250 632 370 978 492 680 
484 210 125 135 201 626 274 569 346 983 156 716 91 538 27 659 812 394 854 501 
84 939 790 610 655 69 524 557 115 168 360 528 149 143 588 77 601 426 344 97 
257 392 623 734 149 852 98 169 908 408 411 456 714 927 205 616 915 848 474 886 
496 352 445 893 367 174 705 808 679 261 785 0 348 30 402 656 599 836 918 775 
682 628 90 581 675 780 210 122 311 395 444 244 993 978 594 583 67 714 372 601 
132 5 709 598 706 825 829 970 10 979 287 806 574 232 323 397 598 722 951 582 
594 488 226 676 263 271 25 213 200 400 397 456 295 306 828 555 676 170 688 748 
589 543 69 558 511 787 598 6 292 823 403 494 237 366 364 281 65 70 785 832 
207 34 572 421 681 891 151 199 626 383 979 645 953 338 960 902 982 557 12 936 
900 469 142 88 503 430 314 809 641 687 986 528 88 575 906 432 137 32 284 129 
715 947 150 975 893 788 25 608 962 503 947 301 47 587 575 333 913 7 284 902 
564 50 571 357 98 447 853 544 992 81 205 683 128 803 401 936 306 788 622 250 
524 976 468 331 460 418 176 164 547 353 162 14 820 632 622 111 517 3 86 399 
142 631 184 931 768 521 844 313 32 82 481 141 155 25 856 611 276 209 552 559 
972 420 820 490 801 448 746 85 418 218 262 59 194 657 327 218 636 668 575 242 
246 494 624 793 208 928 837 382 270 592 607 460 548 321 578 329 307 59 151 312 
593 68 179 173 861 375 104 855 219 668 138 514 836 856 213 989 523 287 125 233 
859 439 846 548 661 863 741 349 8 104 414 329 697 690 695 740 798 850 821 124 
798 946 62 275 564 81 703 787 195 237 878 343 403 703 835 239 948 782 755 484 
755 767 173 405 571 611 809 186 766 689 844 111 372 317 321 19 827 625 149 905 
880 539 474 542 597 647 511 221 612 975 125 328 266 8 133 551 615 591 736 213 
701 276 143 337 38 757 109 899 436 254 209 640 723 880 736 784 850 848 642 149 
570 33 500 54 669 172 366 510 20 551 910 487 410 843 517 594 612 707 64 883 
605 282 370 488 196 412 704 603 673 120 61 185 305 244 510 961 270 306 777 297 
234 802 514 717 877 167 598 642 469 534 44 595 190 332 416 913 955 680 402 424 
219 433 198 223 319 289 237 232 474 842 332 897 962 656 876 274 495 31 618 513 
242 534 119 242 920 341 499 186 286 923 534 22 583 227 319 896 140 543 744 634 
100 221 601 30 700 49 844 877 992 604 873 974 818 396 811 457 234 556 139 13 
664 77 788 599 734 556 518 340 785 78 543 592 905 962 750 920 735 382 178 365 
575 525 27 762 878 807 391 921 142 233 384 368 119 238 532 633 280 486 261 426 
598 895 825 115 756 129 781 294 76 446 622 932 789 818 808 885 662 79 275 735 
129 244 418 964 707 663 886 29 236 160 539 764 410 385 72 328 155 331 989 618 
826 498 904 424 121 747 9 319 593 453 167 822 254 702 185 249 510 839 650 43 
26 267 479 232 310 404 139 18 550 255 573 322 42 720 664 273 396 425 556 544 
959 631 147 525 50 102 70 174 861 647 840 51 716 574 275 679 481 736 402 783 
726 133 495 343 340 459 295 265 918 739 442 543 537 248 583 3 392 180 447 429 
659 661 456 549 7 89 950 921 292 326 917 881 179 509 850 889 359 752 635 375 
94 657 724 269 591 325 523 305 558 985 598 436 285 851 411 152 14 973 896 814 
439 581 956 150 508 936 334 367 763 801 973 90 204 924 824 178 712 584 695 367 
4 412 97 892 918 185 135 61 487 89 33 181 641 302 776 319 490 581 171 459 
242 501 814 627 473 595 464 230 749 208 579 941 827 365 890 925 220 485 742 900 
354 685 417 583 106 983 311 3 540 157 721 579 969 676 644 714 765 574 266 585 
805 773 872 203 763 61 447 471 951 809 790 109 648 17 936 853 603 818 714 868 
947 383 640 344 451 847 633 503 584 238 384 211 777 784 948 680 419 795 146 665 
824 373 825 16 577 422 774 20 924 391 122 536 711 595 721 946 677 157 163 33 
72 114 801 507 817 440 168 717 116 639 658 148 111 551 838 836 524 779 252 391 
580 749 117 913 399 137 818 9 434 518 604 162 784 434 636 914 636 637 573 851 
509 514 486 64 107 953 804 602 441 744 752 5 180 100 965 324 291 202 84 892 
760 162 771 400 910 583 539 72 434 896 953 431 199 579 272 293 365 578 381 771 
530 590 723 637 820 348 448 452 773 221 808 229 719 858 928 76 818 416 293 893 
437 736 550 932 889 842 183 683 460 587 208 380 789 364 982 800 851 325 32 96 
170 10 340 154 168 997 323 710 749 637 746 256 426 533 51 249 996 623 987 586 
993 371 605 824 930 890 175 278 417 256 859 639 685 394 402 236 987 900 652 637 
351 262 810 547 908 432 591 325 504 251 52 393 123 714 644 918 74 73 784 823 
455 365 363 890 155 972 240 850 311 814 59 315 911 84 533 652 177 896 60 993 
876 669 578 161 499 96 77 525 444 896 351 923 157 730 351 242 831 728 240 574 
533 219 904 318 126 974 259 964 857 925 25 205 913 598 366 754 25 926 640 934 
673 351 790 337 970 897 383 436 599 887 81 254 372 683 299 111 331 581 165 539 
757 143 38 801 590 533 742 236 932 771 517 17 801 743 76 26 135 105 3 875 
291 752 578 940 269 543 268 510 271 399 561 545 781 335 99 972 524 50 707 942 
173 896 341 534 275 991 785 222 915 755 435 542 308 939 845 486 992 526 51 450 
98 934 288 277 552 284 888 264 506 805 789 410 491 260 726 596 952 719 92 661 
367 174 351 308 530 841 593 412 260 753 641 453 299 770 787 840 254 631 605 339 
665 231 349 214 191 983 737 437 23 704 703 279 266 618 175 166 172 928 598 48 
889 110 172 229 611 33 864 74 329 247 130 750 841 71 113 899 528 113 655 407 
161 192 225 283 717 39 243 460 395 219 772 688 417 343 302 771 105 165 393 555 
6 396 559 169 745 845 875 745 87 627 742 211 142 49 563 387 312 550 412 886 
462 271 555 598 937 892 133 263 493 686 308 827 8 806 669 83 729 690 26 304 
476 964 408 209 613 683 219 501 202 726 448 795 582 494 523 312 36 659 451 705 
665 354 915 706 381 598 754 174 323 981 789 327 22 420 579 344 934 509 530 810 
260 999 336 892 835 303 548 103 855 174 22 752 147 547 349 511 125 123 23 936 
924 942 454 839 917 59 633 450 338 791 896 234 917 570 45 234 940 194 103 746 
797 429 600 646 875 648 577 995 337 589 437 986 343 341 444 369 771 570 161 173 
929 873 621 196 398 30 757 763 793 440 258 219 516 342 616 513 426 658 633 486 
833 973 866 596 25 491 711 874 285 569 203 122 754 572 2 857 646 363 570 543 
164 160 918 536 228 531 950 834 16 816 916 976 988 106 168 86 597 15 574 893 
190 134 246 417 966 87 5 578 166 554 98 456 994 250 820 450 639 235 466 209 
500 442 658 496 667 516 182 967 785 850 955 625 700 739 532 138 893 626 128 293 
486 978 639 340 102 151 994 913 10 927 12 125 678 169 387 816 525 964 195 568 
493 475 70 77 823 319 980 412 502 478 233 602 157 171 936 549 709 150 378 149 
95 6 580 656 456 939 535 670 11 65 177 106 803 914 733 458 592 971 958 25 
401 474 250 147 452 134 717 393 450 543 971 654 438 264 450 528 143 474 62 67 
60 899 79 682 128 39 129 712 295 485 355 111 143 758 706 535 506 793 926 232 
595 939 68 123 607 957 814 54 230 806 297 983 401 474 837 451 831 731 738 55 
779 280 433 695 848 19 960 109 176 239 955 852 56 793 335 221 192 502 848 666 
307 46 630 665 554 495 299 756 909 949 408 439 380 305 513 385 115 488 438 254 
573 253 412 852 922 569 803 188 44 242 408 684 142 850 54 563 526 825 833 524 
237 198 516 551 228 66 523 676 649 477 467 786 138 549 585 719 385 812 32 696 
801 753 335 547 144 650 162 395 350 489 951 36 629 524 108 816 705 370 448 186 
793 610 367 560 30 230 50 830 580 840 950 153 128 700 683 512 129 959 72 618 
385 742 917 996 773 57 226 162 755 345 182 113 68 520 130 634 970 401 991 145 
516 56 549 6 712 746 726 28 552 368 810 192 176 464 980 388 998 469 348 485 
43 120 839 82 865 686 276 334 934 788 648 744 840 169 189 136 729 483 646 588 
278 709 462 45 130 767 530 156 40 742 948 721 560 750 745 301 521 901 925 957 
921 585 406 362 145 437 294 463 685 128 917 347 810 663 950 376 376 156 480 291 
42 638 632 5 787 915 910 329 476 196 797 839 956 376 399 320 127 891 120 875 
338 128 153 344 525 989 489 587 65 62 423 442 21 764 74 979 996 296 628 384 
809 987 445 748 854 207 444 59 121 411 523 764 936 91 956 666 510 687 966 348 
143 381 933 842 704 737 313 17 714 196 573 496 313 930 251 492 688 56 110 369 
175 654 424 258 288 322 909 826 190 837 31 68 575 170 268 376 620 20 685 768 
494 383 168 122 347 298 664 78 553 291 875 698 675 355 877 220 226 284 276 688 
933 368 467 427 587 644 898 287 776 853 126 311 679 785 821 302 984 602 269 555 
802 742 205 848 410 794 468 787 837 369 305 4 978 447 354 536 195 715 49 398 
285 789 172 304 638 27 84 196 167 970 176 403 115 171 547 201 351 28 147 295 
1 665 156 574 206 323 372 781 438 760 624 724 203 690 191 65 995 892 797 851 
249 539 635 910 123 34 261 567 335 960 932 352 87 421 277 389 440 323 801 48 
845 778 974 562 921 966 615 955 629 861 944 132 686 756 956 563 787 641 458 568 
381 38 205 301 23 348 28 794 841 551 753 962 272 465 669 632 776 105 244 302 
748 341 261 328 413 917 285 588 322 842 700 484 375 487 416 456 761 551 217 717 
280 655 405 883 294 981 28 238 743 602 174 938 49 668 164 77 935 559 597 247 
200 572 994 181 613 378 844 167 508 829 172 974 966 132 299 906 815 111 283 107 
671 33 638 431 484 106 589 603 467 64 236 5 455 232 332 178 32 559 369 987 
496 910 597 269 818 485 276 401 460 102 882 785 119 54 162 852 332 80 617 556 
98 363 842 62 605 684 386 578 976 423 935 972 214 450 253 889 93 298 313 166 
413 899 257 166 216 98 875 242 362 477 310 398 787 693 655 890 730 419 580 606 
196 441 854 681 478 802 274 244 991 468 448 810 345 69 56 571 802 372 738 913 
830 113 717 715 439 72 747 464 631 386 19 374 85 397 502 412 591 477 549 628 
351 666 19 909 257 180 608 136 820 468 309 913 854 965 799 513 61 595 558 426 
436 699 21 346 674 851 855 427 114 915 951 922 886 644 264 775 636 424 455 652 
158 219 214 490 741 168 35 616 374 671 824 758 528 165 123 337 636 444 953 31 
166 253 31 197 251 699 953 687 995 690 126 265 41 768 676 699 121 90 584 970 
666 250 881 877 548 520 310 820 819 591 436 728 124 786 20 39 439 438 989 735 
102 793 598 469 173 339 750 798 883 260 288 637 704 830 897 702 159 893 316 852 
478 556 544 294 619 274 672 222 153 13 571 205 284 245 61 649 826 701 94 545 
938 597 274 803 825 219 640 123 586 179 791 375 205 844 814 240 844 101 186 108 
970 889 501 354 893 487 157 541 214 164 427 669 223 21 45 306 76 768 943 834 
540 594 365 453 538 574 916 279 247 884 442 943 106 73 178 477 771 350 740 769 
196 587 301 705 929 309 395 35 378 677 236 196 758 123 120 968 186 643 819 932 
531 631 71 327 416 885 66 72 547 898 884 308 266 439 636 855 809 467 259 533 
58 154 553 377 768 373 118 990 432 25 92 149 960 580 619 750 701 725 229 441 
880 820 876 255 96 666 416 357 870 666 93 466 317 488 988 745 121 416 105 177 
801 938 902 690 288 829 381 282 864 2 563 554 216 803 452 59 464 827 457 188 
377 767 497 848 531 974 471 172 625 485 576 767 624 749 480 749 824 705 870 885 
218 971 28 649 491 159 563 53 87 258 407 292 386 260 359 816 483 60 529 33 
114 506 707 424 939 299 660 788 603 464 508 869 250 897 721 239 434 128 379 696 
791 840 283 885 744 400 712 394 61 130 521 674 209 570 122 398 426 507 337 8 
751 523 472 203 785 890 32 803 797 415 515 795 344 68 163 919 20 299 338 190 
99 721 409 709 793 690 197 56 406 373 774 345 580 993 154 438 127 608 186 791 
355 651 571 277 618 911 192 313 341 534 470 468 530 376 448 722 536 348 988 653 
71 674 301 239 267 147 859 480 915 483 776 921 140 93 59 959 660 951 651 261 
628 608 556 307 5 184 30 803 366 183 535 30 556 729 77 866 708 183 177 887 
965 793 456 418 746 764 780 241 926 782 114 689 288 186 725 212 273 80 75 775 
468 227 558 915 870 474 398 905 590 767 77 804 734 596 484 706 18 544 676 643 
977 612 991 261 754 626 623 503 961 776 407 197 122 513 762 156 196 317 552 238 
90 723 48 799 318 260 178 481 295 9 444 341 85 119 824 611 250 986 44 156 
403 528 146 134 23 464 65 952 55 283 268 551 711 801 25 720 988 695 460 942 
239 200 461 94 857 137 919 178 23 713 67 499 40 673 476 922 499 897 836 392 
447 171 32 965 214 915 391 838 889 895 81 490 2 316 317 784 846 202 251 65 
577 952 147 211 487 322 486 561 64 394 892 149 707 862 933 871 846 441 516 547 
341 395 624 566 297 949 589 409 707 232 556 417 441 542 262 861 232 436 22 858 
324 397 31 549 115 242 427 167 184 681 447 589 999 276 43 808 788 924 302 89 
809 157 705 882 703 483 835 138 941 749 837 591 839 810 271 272 289 49 35 947 
524 333 447 829 767 161 585 360 2 992 695 66 855 752 636 540 171 704 738 847 
379 311 444 38 266 695 306 120 554 563 875 348 721 556 534 483 350 290 330 408 
188 529 455 931 726 34 116 278 979 596 59 615 29 946 25 216 980 814 818 475 
113 606 365 474 655 439 635 654 396 376 494 798 617 912 720 931 710 401 745 953 
218 175 870 257 473 324 294 109 151 854 702 379 571 84 287 165 464 229 662 800 
728 977 821 420 354 140 377 363 966 728 260 390 838 921 155 404 935 895 794 508 
968 664 302 990 179 909 27 765 305 870 975 31 275 735 423 128 950 445 762 715 
831 500 923 683 975 243 418 577 584 187 204 103 417 555 178 52 55 839 264 353 
133 234 919 276 372 530 13 818 54 683 891 59 512 751 599 896 863 244 307 416 
460 502 734 156 202 999 338 967 31 180 813 746 154 122 516 583 764 89 597 820 
498 175 764 818 394 288 984 135 451 653 758 913 474 458 959 900 355 629 6 718 
276 779 20 32 832 493 543 423 67 452 784 733 441 936 365 538 500 767 143 934 
254 196 852 179 483 518 55 535 162 539 158 176 902 565 364 267 960 539 688 318 
608 203 551 660 836 607 358 185 727 85 202 871 37 227 419 448 214 619 494 765 
938 755 146 566 892 705 389 475 50 77 392 210 283 703 400 906 586 290 855 8 
147 289 354 720 595 794 740 838 572 312 116 565 481 693 378 0 639 519 703 487 
173 386 773 860 702 391 973 815 924 788 720 679 471 363 160 530 742 639 544 54 
565 461 593 112 687 0 406 942 174 567 50 568 658 906 937 916 574 787 972 931 
337 290 497 221 587 212 11 84 86 436 541 688 376 938 893 854 174 948 767 207 
170 954 470 486 88 6 434 682 790 652 935 837 874 454 947 780 720 211 130 904 
724 249 125 684 829 696 888 207 579 809 443 268 243 631 372 49 608 749 34 510 
644 129 765 318 535 95 812 618 38 584 807 12 312 372 439 105 925 230 978 91 
337 944 171 182 112 327 690 729 617 127 720 175 536 834 894 431 879 725 518 120 
116 332 929 169 993 495 306 672 536 884 932 930 133 480 600 891 905 848 265 37 
540 61 924 270 43 767 889 429 26 249 703 254 403 534 752 103 704 769 768 153 
405 243 348 883 218 169 360 691 160 780 2 759 57 630 293 579 916 169 152 379 
817 34 761 644 987 814 596 582 172 971 80 740 989 970 891 79 326 460 533 0 
282 787 99 573 407 610 693 166 245 127 378 8 884 376 226 33 899 108 77 341 
614 876 482 977 848 810 594 918 217 496 182 120 394 307 662 272 87 473 203 518 
59 506 399 851 882 500 388 982 275 129 947 86 37 884 126 991 949 49 783 768 
212 813 819 941 181 862 321 776 848 852 583 477 800 249 343 645 260 556 750 244 
892 436 790 559 242 91 148 336 668 985 924 37 583 179 403 237 278 516 846 580 
3 306 113 1 12 76 939 398 186 91 496 617 238 598 254 705 749 290 668 378 
254 297 776 796 697 987 880 136 723 643 763 382 583 324 450 403 415 787 281 854 
155 646 562 325 136 797 587 740 637 432 718 142 131 138 467 694 179 92 873 656 
660 397 42 148 717 89 304 883 368 727 994 725 919 159 796 410 355 459 102 847 
779 166 851 236 130 275 652 43 140 279 526 164 178 545 642 47 484 177 532 993 
639 783 70 994 255 725 798 798 999 88 245 484 302 299 529 923 188 20 661 731 
485 259 359 915 237 328 891 519 525 164 974 172 405 691 102 615 963 137 384 306 
651 267 761 305 55 335 433 53 416 462 581 542 678 904 180 750 204 369 253 507 
272 251 919 445 946 660 744 42 330 417 514 102 463 356 227 7 517 938 996 360 
335 767 636 603 670 782 478 397 856 300 952 157 876 565 637 493 485 49 718 236 
741 912 204 706 300 259 817 486 585 237 328 165 104 418 346 940 669 390 419 704 
840 833 580 651 50 930 850 810 887 226 646 892 299 267 847 526 898 728 309 909 
251 519 223 444 524 900 831 383 444 919 692 870 213 689 329 374 529 867 724 84 
655 568 914 908 133 452 121 321 632 524 774 414 994 232 759 756 803 319 580 733 
19 953 666 984 207 203 455 982 306 287 413 285 166 602 41 754 163 434 83 741 
287 487 419 407 86 520 162 87 20 554 375 293 441 541 923 719 157 720 815 99 
164 566 516 571 739 96 611 799 332 573 78 16 54 999 982 33 57 992 639 467 
968 261 601 105 551 658 497 401 343 430 327 620 912 241 616 919 335 363 807 755 
609 694 360 34 998 526 102 636 224 880 846 585 6 713 474 175 677 672 634 942 
382 535 48 178 846 774 211 961 554 329 647 230 449 12 171 269 126 307 947 600 
166 110 959 481 207 189 811 785 706 416 800 912 370 315 795 606 589 328 780 145 
867 165 210 872 636 207 966 80 551 127 285 276 249 76 529 83 514 281 722 717 
14 417 441 693 506 360 286 773 486 220 555 111 690 884 176 600 444 120 880 946 
793 617 252 290 329 561 862 902 512 662 225 955 538 827 687 95 863 808 539 522 
208 468 680 546 313 48 361 999 935 517 35 932 779 185 280 464 591 278 477 108 
193 779 863 757 702 31 113 740 457 571 169 964 380 783 747 27 429 760 574 461 
661 865 534 758 78 551 401 127 707 401 111 451 956 392 779 113 489 804 47 908 
175 175 391 410 721 502 868 18 609 668 757 346 503 17 625 728 433 748 248 647 
604 733 946 804 841 574 719 521 372 386 265 465 313 158 255 445 208 423 836 335 
131 37 223 518 829 831 76 569 693 815 283 55 538 71 615 694 530 940 490 675 
614 177 223 162 344 135 336 389 536 44 121 146 611 602 812 808 30 250 103 59 
881 176 267 425 487 609 966 467 876 418 268 312 272 738 129 870 76 499 882 530 
730 21 716 274 74 948 965 554 522 987 138 628 430 496 97 563 217 930 600 121 
842 248 525 135 122 860 871 814 260 721 437 196 606 937 526 361 720 969 488 594 
515 376 525 61 876 518 963 782 288 386 259 242 330 447 101 354 267 728 89 106 
289 817 377 682 163 304 437 469 620 339 487 737 470 451 896 262 698 298 963 362 
517 186 209 68 116 646 668 911 299 453 568 442 962 883 910 254 34 330 787 479 
23 578 432 830 878 172 28 22 16 669 183 318 743 233 392 423 617 950 962 255 
603 843 378 173 184 256 844 446 34 383 662 926 48 212 629 155 17 426 447 487 
591 310 385 940 831 895 970 253 193 78 319 34 587 866 504 4 339 655 819 530 
76 528 64 932 992 851 909 262 655 29 898 151 55 909 88 250 669 165 317 388 
539 526 675 936 682 955 379 992 610 41 307 516 24 757 208 503 486 646 544 440 
121 493 270 631 751 235 947 9 168 266 259 14 296 870 31 616 809 933 953 311 
661 988 381 915 68 220 525 769 643 62 29 249 999 259 505 199 360 135 220 945 
265 814 835 433 743 695 985 236 216 320 324 25 493 546 175 206 659 767 201 208 
679 874 302 681 896 158 461 943 506 697 922 58 919 121 837 70 33 200 202 690 
638 333 874 320 818 915 427 910 267 173 331 188 217 402 58 768 445 254 673 606 
916 857 741 852 115 196 433 700 261 361 715 379 603 578 365 962 451 534 703 979 
621 911 227 663 522 510 129 45 533 3 196 285 262 864 661 30 93 206 79 757 
396 931 619 671 896 130 308 609 617 386 405 405 8 844 417 239 265 143 875 713 
377 790 536 429 89 509 498 337 420 480 911 487 277 509 609 437 93 450 199 35 
180 842 531 147 205 532 181 878 759 20 793 316 144 231 108 372 349 361 901 949 
848 809 513 27 458 471 447 55 25 4 214 368 411 971 915 903 547 999 175 122 
491 710 209 62 99 796 848 802 633 835 116 850 994 145 221 169 824 274 492 635 
317 343 977 626 758 463 452 639 91 894 344 940 286 20 284 431 458 191 140 65 
942 123 992 991 194 136 283 521 209 917 703 258 80 788 632 944 6 317 406 292 
989 328 310 883 447 374 474 174 996 47 48 551 148 497 673 526 807 359 932 811 
317 176 106 44 755 746 699 273 651 542 337 302 576 342 914 625 616 972 372 708 
282 621 620 845 65 6 672 413 754 549 382 654 259 443 556 545 501 161 986 758 
292 761 940 308 52 134 677 956 838 327 400 26 371 935 888 347 384 9 331 581 
675 370 763 787 788 351 277 120 271 297 981 359 938 70 978 528 570 370 405 557 
339 494 280 317 112 871 29 577 199 946 828 158 304 719 953 530 64 379 557 562 
577 419 852 156 772 950 504 608 610 338 284 924 983 841 866 512 376 5 273 711 
711 34 170 80 564 347 514 627 654 552 516 936 650 718 56 884 851 655 479 933 
371 324 248 209 273 49 312 42 292 376 461 740 599 568 428 250 237 238 756 638 
998 436 107 576 283 546 423 96 871 219 927 927 382 242 451 683 586 340 137 610 
780 416 722 82 112 852 812 541 292 769 905 10 946 914 880 482 755 416 306 1 
703 290 400 446 659 699 492 972 10 253 157 585 15 253 630 199 209 806 593 97 
560 547 168 545 751 407 220 464 907 71 970 389 859 987 891 385 241 0 418 586 
968 865 323 911 733 944 675 979 723 591 107 30 826 572 736 697 80 189 344 64 
834 879 965 708 724 582 382 378 728 608 31 854 60 338 653 732 159 240 95 664 
357 750 58 492 665 5 715 738 466 771 834 795 889 673 221 992 626 819 994 23 
673 915 810 528 295 839 458 695 541 517 116 613 760 300 214 299 214 236 960 830 
856 281 35 905 984 980 417 391 996 291 912 425 724 778 683 711 321 385 954 186 
918 383 105 769 452 872 175 74 328 52 775 20 600 88 964 914 54 952 449 715 
675 901 686 191 784 675 330 93 425 535 885 555 587 143 949 733 360 874 677 178 
424 930 680 707 690 175 396 78 756 974 892 586 447 793 166 899 246 89 111 784 
536 393 900 195 404 957 986 225 285 258 448 171 942 512 875 412 759 302 778 388 
73 589 844 284 199 263 799 395 293 585 602 713 525 375 637 234 176 983 231 781 
738 57 656 885 809 901 313 239 847 773 552 805 478 501 544 675 459 80 401 497 
670 501 595 464 601 442 409 0 807 775 452 128 568 614 997 424 746 361 624 948 
401 973 293 329 2 878 216 510 932 92 547 291 73 796 99 204 916 633 824 92 
690 580 97 812 798 50 232 555 32 549 193 186 510 830 945 160 934 281 836 892 
962 993 255 297 293 894 568 991 261 532 91 847 241 574 598 495 325 795 23 855 
900 888 549 651 901 814 212 770 49 501 524 582 300 721 764 845 610 612 675 231 
68 268 712 873 667 94 835 730 756 595 332 868 677 658 506 693 711 711 934 599 
220 723 385 924 803 59 754 230 329 997 309 221 411 512 97 210 665 171 137 421 
501 738 181 642 180 836 793 321 716 384 783 358 271 57 273 614 38 568 897 483 
10 721 804 377 767 784 412 938 259 534 814 823 981 590 732 193 481 93 355 823 
867 474 495 960 353 313 725 235 446 118 538 373 772 153 482 931 795 613 499 873 
191 69 395 618 654 297 439 576 443 261 351 679 220 395 174 357 339 227 190 260 
339 663 779 172 760 892 342 307 484 606 957 30 0 595 89 532 456 314 360 512 
722 869 924 952 8 949 220 701 196 926 938 746 972 931 629 655 838 394 135 976 
541 683 754 2 12 85 854 718 962 178 150 298 231 372 132 827 871 176 170 183 
845 306 83 635 705 729 624 568 197 580 295 835 772 773 690 277 812 517 564 144 
85 432 529 660 138 154 782 376 552 426 86 661 765 583 23 455 75 873 669 157 
285 297 701 364 929 186 164 151 239 721 841 434 449 468 817 366 171 760 362 487 
508 133 938 333 693 973 608 160 26 795 498 407 575 553 985 163 101 709 642 887 
694 996 759 563 317 455 166 618 544 197 880 472 298 41 452 296 925 621 364 516 
373 168 681 574 563 588 459 719 320 739 419 255 832 795 837 628 593 639 560 422 
36 633 720 994 891 132 494 454 476 831 341 181 573 47 384 346 768 267 651 338 
257 454 160 757 334 40 579 846 54 278 815 987 909 396 786 303 895 776 758 678 
922 833 962 929 794 960 73 451 967 917 73 514 993 573 359 634 135 42 168 551 
652 12 347 25 219 47 430 301 93 349 774 578 97 789 707 888 771 52 579 352 
727 259 917 792 712 664 41 862 732 578 774 663 514 952 636 752 280 769 452 245 
142 537 133 32 622 322 432 76 952 473 333 18 641 475 591 140 308 304 134 688 
877 815 548 528 337 58 299 584 961 979 636 511 105 110 26 353 148 681 513 860 
122 226 65 849 325 680 488 342 16 380 631 562 577 617 786 72 65 602 710 976 
393 715 215 594 455 843 15 429 809 345 6 727 777 316 870 53 418 911 678 837 
778 629 586 970 632 544 304 576 208 865 150 121 189 483 867 344 535 361 955 43 
301 186 951 286 284 369 908 806 48 602 218 419 875 25 192 369 868 85 367 208 
457 742 196 411 296 483 257 495 98 63 302 325 577 772 836 33 884 16 707 19 
673 184 381 998 298 162 170 183 131 119 685 256 906 905 22 46 144 537 498 904 
839 661 576 65 613 368 830 280 760 202 323 109 2 945 349 839 375 640 607 108 
293 759 187 896 292 803 638 658 957 471 916 243 23 947 665 560 176 629 619 994 
969 413 484 996 6 406 596 93 612 137 422 343 715 739 250 351 526 499 651 150 
216 965 289 375 626 490 290 146 291 907 572 496 975 988 911 32 674 14 505 34 
919 879 369 58 852 29 0 271 89 297 965 932 193 697 376 214 727 401 233 359 
237 251 274 995 113 268 458 145 561 841 907 516 848 401 799 155 113 757 478 190 
708 118 387 610 183 973 384 862 119 873 879 471 623 636 755 281 431 679 582 695 
169 959 388 52 360 784 360 811 466 209 477 924 448 888 487 833 739 560 971 472 
161 408 445 25 776 430 265 802 546 188 804 313 866 833 443 506 287 187 603 170 
134 139 700 251 780 850 736 448 668 387 776 84 926 56 513 302 817 466 34 592 
786 75 706 368 741 86 856 862 636 546 842 111 902 691 370 994 353 321 134 577 
875 77 655 626 589 641 197 782 890 271 976 801 582 165 9 428 138 343 19 688 
287 109 292 788 41 471 393 400 687 399 49 74 215 414 376 377 503 833 975 521 
162 997 986 239 311 593 730 637 960 851 380 975 298 669 698 87 848 17 120 534 
941 259 681 532 338 878 227 739 428 314 929 471 593 29 408 528 685 575 484 570 
136 18 299 300 362 865 170 97 642 488 887 116 452 853 62 47 681 878 176 230 
995 148 433 159 633 142 34 180 895 336 486 309 81 252 352 359 818 346 653 714 
304 813 478 450 427 982 57 915 942 749 407 955 476 101 233 546 751 576 407 597 
701 410 250 668 540 586 563 968 408 839 691 265 434 543 892 263 19 685 896 240 
841 988 321 441 89 327 904 864 750 731 754 994 576 184 423 736 977 747 709 831 
516 848 125 352 423 158 348 565 715 387 340 325 889 553 764 802 151 985 854 81 
380 168 744 10 96 47 949 801 647 392 244 699 167 725 393 77 224 834 507 554 
180 982 286 211 855 567 569 268 393 84 555 901 721 678 802 638 244 705 372 422 
598 871 841 286 561 367 72 745 508 676 250 783 253 752 924 978 762 843 249 193 
717 871 615 531 342 446 32 686 181 709 836 897 136 930 621 118 769 677 267 468 
508 715 441 620 879 449 584 138 963 591 66 47 899 210 938 917 603 582 522 922 
170 852 549 24 586 545 454 76 40 407 913 22 711 912 856 624 946 207 888 475 
762 482 430 886 356 741 260 505 887 896 272 625 420 541 319 36 303 82 126 464 
725 622 81 990 630 153 24 941 677 172 294 276 558 116 803 960 680 417 685 944 
602 356 803 804 11 424 786 509 660 839 404 633 889 160 373 158 801 256 687 297 
9 568 393 799 472 253 27 564 102 501 381 921 646 624 81 980 430 765 423 915 
60 39 39 592 931 176 292 580 551 501 503 845 981 625 537 802 415 350 925 881 
494 801 349 862 241 62 988 95 37 837 532 533 925 139 697 238 196 899 102 281 
696 22 878 89 810 193 981 782 91 791 73 984 138 902 187 157 867 422 690 981 
137 759 18 845 471 450 25 281 132 339 970 789 613 725 670 349 352 127 279 507 
926 886 959 761 184 771 329 703 493 918 501 520 138 659 618 601 636 516 655 89 
130 815 594 367 166 370 717 136 870 132 582 176 438 109 287 291 960 80 37 900 
414 392 484 782 391 514 898 522 681 42 899 384 455 960 806 17 779 411 773 547 
732 918 874 30 99 163 512 704 203 654 409 116 648 452 151 657 353 307 492 831 
360 658 517 4 778 181 732 777 130 538 109 31 19 280 508 46 478 377 5 782 
520 556 139 223 536 560 461 151 888 638 934 258 753 927 789 911 180 734 101 352 
158 294 909 154 915 551 594 702 327 773 883 430 928 930 757 364 912 878 360 928 
803 116 522 729 124 334 907 415 844 419 241 22 589 224 573 908 779 149 917 910 
261 74 179 368 83 697 622 349 864 261 471 470 242 892 919 982 599 65 279 717 
899 45 312 962 943 727 253 567 76 265 789 392 385 157 677 508 816 624 158 328 
575 494 938 680 294 734 621 951 29 231 297 136 880 803 539 694 229 435 781 57 
981 403 123 66 290 600 609 810 832 23 924 118 414 519 49 509 151 650 724 540 
284 104 266 578 660 125 512 400 15 908 437 963 775 148 429 894 129 906 656 657 
242 215 10 806 77 747 76 102 948 729 156 463 29 653 776 833 823 756 120 537 
588 99 485 685 914 323 285 34 845 507 248 18 799 902 407 218 283 975 276 419 
