769 941 454 821 658 753 932 386 354 467 312 448 504 119 84 179 954 942 28 617 
392 989 558 476 187 938 188 855 342 803 510 951 692 818 465 916 946 4 437 736 
270 474 590 319 673 418 464 864 977 606 880 443 577 588 737 947 293 952 341 110 
497 55 133 346 409 837 378 18 791 874 148 346 520 521 699 679 728 161 37 978 
831 167 615 271 811 891 583 785 816 154 361 841 894 780 433 742 883 239 897 47 
232 740 131 839 583 824 185 552 325 341 106 731 173 474 576 190 790 73 64 815 
549 216 354 856 926 458 234 396 767 246 77 26 85 40 256 167 636 279 710 600 
129 87 480 193 890 591 762 463 752 838 652 45 515 562 310 909 831 633 327 356 
415 763 560 387 247 816 60 236 781 534 827 898 651 893 703 620 798 567 526 459 
483 794 786 346 435 528 342 389 860 913 778 925 338 679 408 972 389 938 655 811 
53 685 440 156 179 553 591 365 106 360 572 954 310 77 411 78 652 970 145 99 
106 42 849 432 976 864 270 490 263 112 817 847 177 44 340 727 314 921 624 731 
485 452 492 131 873 727 976 322 206 889 305 941 675 292 845 460 466 336 145 600 
166 640 897 622 275 604 905 138 199 759 625 119 303 466 766 582 661 544 894 790 
369 35 524 531 518 839 502 922 103 398 691 827 705 892 912 440 162 875 397 790 
58 586 852 881 785 313 921 4 633 233 856 609 270 145 627 822 363 388 596 449 
647 265 146 342 32 835 687 94 350 747 433 490 659 58 527 464 922 819 911 805 
134 24 749 4 500 100 558 478 251 9 638 466 482 603 639 951 612 269 708 168 
512 162 517 687 315 431 451 37 330 255 806 496 746 518 500 687 579 66 845 266 
533 839 877 421 225 595 418 406 219 826 39 37 783 442 504 236 649 488 87 327 
553 645 495 766 671 916 6 160 724 589 440 363 105 615 297 17 651 337 83 564 
408 738 946 334 155 425 140 402 598 383 173 783 368 461 57 406 117 712 131 186 
542 500 342 352 944 135 618 287 465 909 586 689 808 69 659 946 389 401 751 89 
641 867 179 181 406 623 622 153 602 4 779 83 105 311 976 690 265 105 832 214 
530 71 534 220 365 715 220 322 867 105 554 840 802 989 850 552 300 499 204 615 
728 486 822 124 413 213 118 776 436 220 899 111 942 335 120 470 798 636 99 397 
672 489 885 840 953 699 130 184 73 977 476 575 639 688 867 444 859 920 896 115 
298 311 514 777 189 661 193 391 907 160 40 668 809 953 200 448 207 942 467 158 
909 321 158 690 485 969 27 364 298 823 558 387 538 812 646 805 688 457 182 341 
37 447 525 119 448 881 771 665 291 334 813 346 224 851 162 23 572 289 150 299 
515 762 239 911 620 218 463 810 782 348 642 859 75 490 769 525 988 873 829 130 
710 20 623 107 59 263 448 279 907 135 588 154 221 561 197 647 89 857 173 434 
512 172 244 351 990 343 491 687 454 441 887 124 278 278 554 826 453 774 399 337 
347 669 661 856 288 260 502 965 31 889 952 570 612 218 779 866 292 432 148 428 
100 385 649 102 589 918 534 679 302 510 216 182 595 578 192 358 284 580 651 638 
849 74 943 140 444 759 928 859 39 243 164 597 41 649 99 394 851 882 227 864 
967 121 523 741 827 150 279 404 474 455 723 317 484 772 332 624 600 513 955 426 
599 866 771 297 386 394 181 733 510 180 801 840 503 397 992 47 67 506 216 993 
513 574 688 824 426 639 269 989 62 650 244 609 882 219 632 425 409 298 118 265 
96 650 391 853 590 884 255 76 420 132 804 150 753 306 864 855 10 699 642 996 
48 89 834 550 882 56 148 133 541 954 95 774 448 966 407 176 677 109 455 675 
229 45 579 922 11 465 692 515 580 808 845 661 629 893 815 265 134 728 528 132 
678 403 576 451 487 167 223 336 299 743 929 101 455 629 348 150 726 853 500 84 
561 887 5 23 878 416 465 251 719 883 409 622 341 667 449 593 604 357 952 886 
224 212 597 481 832 637 889 161 34 716 200 713 920 990 985 914 490 153 881 572 
28 305 170 828 281 756 186 976 343 704 977 169 149 923 267 888 642 579 712 76 
304 520 592 195 938 935 154 191 393 352 46 235 765 842 994 766 178 357 915 943 
489 744 652 786 928 196 99 265 245 641 834 575 991 711 827 729 437 672 616 966 
140 477 66 656 178 174 264 475 104 605 579 14 904 845 63 128 348 567 373 429 
543 765 6 521 551 651 946 924 555 755 979 374 745 904 627 357 60 813 565 252 
596 158 11 654 998 207 340 844 654 92 720 908 986 265 254 643 833 683 109 27 
507 30 818 576 923 761 611 31 282 871 57 417 582 47 699 663 491 94 808 374 
488 203 197 565 101 820 801 156 916 135 292 927 750 715 751 291 7 624 176 17 
493 292 100 81 988 824 947 248 646 138 534 645 185 620 140 976 193 637 374 765 
736 783 895 688 355 321 56 192 335 53 139 825 955 852 790 612 600 257 178 794 
807 804 85 378 9 208 77 287 645 62 438 269 693 315 669 245 938 496 822 47 
98 288 203 71 407 928 958 171 897 794 474 324 94 386 532 852 153 581 351 351 
385 966 497 189 652 475 488 942 124 952 873 343 488 554 426 548 430 190 710 174 
592 99 497 503 708 477 453 836 504 572 732 667 118 125 486 836 868 615 806 997 
920 464 232 128 322 985 446 688 922 448 116 60 251 820 800 635 624 574 854 585 
343 462 802 369 163 843 615 779 758 375 504 335 806 411 965 707 111 7 560 330 
554 572 521 294 908 285 519 199 898 467 551 452 412 209 266 465 848 792 58 146 
200 844 277 991 878 534 334 408 831 954 416 187 846 500 468 131 59 575 445 548 
363 782 562 277 385 63 484 908 581 476 32 552 5 20 711 867 9 874 644 582 
83 612 550 682 558 302 775 84 287 912 956 209 466 742 942 923 326 878 631 754 
779 999 953 638 906 424 508 347 614 71 399 374 698 515 81 40 835 580 224 457 
712 809 82 815 127 170 410 510 529 568 309 2 241 994 973 603 801 489 261 616 
957 597 375 648 132 649 19 732 61 69 640 273 78 691 672 173 115 956 263 719 
452 956 932 524 239 763 284 136 49 165 610 338 79 757 547 363 74 445 722 799 
698 569 279 653 290 197 998 268 508 819 229 486 710 82 573 602 662 603 277 716 
402 550 387 280 563 221 701 431 603 551 207 225 756 712 669 436 715 950 916 187 
701 311 76 771 616 201 120 386 405 483 849 312 309 258 8 619 74 190 51 861 
263 831 306 401 322 730 842 254 417 256 401 427 91 120 3 788 409 787 653 204 
212 897 632 988 912 819 8 938 50 769 318 613 990 597 506 824 29 151 797 533 
84 402 782 660 928 694 19 316 257 759 299 793 372 711 530 991 518 744 276 230 
13 820 261 974 953 377 881 933 284 407 39 183 869 123 275 661 235 385 565 617 
24 21 844 760 180 619 646 665 356 529 356 822 26 881 74 489 175 451 157 273 
343 226 576 676 620 141 984 151 117 73 887 747 967 390 190 122 316 615 358 612 
588 582 144 291 698 479 451 725 913 475 879 331 238 400 616 973 575 855 597 953 
220 543 665 788 573 200 58 535 933 826 8 149 837 63 352 13 484 582 130 739 
118 161 15 700 546 89 175 826 440 649 922 68 506 337 853 73 955 468 360 62 
566 212 213 463 120 580 651 843 848 381 509 915 598 597 117 147 690 54 700 10 
78 587 886 903 711 136 369 501 455 426 823 944 991 29 557 688 380 421 995 205 
567 510 564 892 929 392 856 849 638 349 145 93 514 253 538 739 417 685 175 453 
811 523 296 756 64 669 128 752 257 394 758 773 728 592 937 566 544 832 257 622 
599 632 500 597 2 607 46 31 986 94 429 108 687 653 516 19 722 52 749 376 
87 219 669 16 499 691 307 395 106 191 768 385 932 157 190 903 424 898 698 108 
322 773 796 896 209 930 569 893 908 2 750 536 599 600 807 353 56 95 89 784 
439 419 885 771 5 14 142 118 892 52 902 938 175 728 443 41 899 680 432 945 
647 639 425 231 216 458 142 606 656 997 204 8 760 222 528 283 963 353 326 136 
909 446 649 432 307 801 740 792 741 449 432 615 274 147 343 254 58 391 992 239 
98 187 4 56 52 214 433 834 29 696 140 877 675 209 588 375 558 431 861 653 
877 227 483 752 901 614 39 884 406 984 798 357 263 986 416 179 387 765 991 208 
275 626 489 518 550 611 487 190 310 658 415 151 381 224 687 612 720 888 323 962 
235 38 120 472 573 850 802 719 69 458 947 596 13 327 317 259 359 214 930 942 
797 49 50 375 252 95 197 90 236 954 433 583 913 567 406 967 230 532 792 204 
563 21 165 134 636 47 0 91 317 488 693 639 954 310 382 364 187 248 821 491 
728 858 418 868 273 269 920 403 514 150 987 259 29 470 629 295 848 634 954 799 
104 355 600 160 638 976 994 23 41 771 719 759 788 18 294 193 842 823 349 747 
15 658 259 996 553 269 675 959 127 536 26 886 560 22 130 257 944 647 512 207 
366 432 170 245 89 376 581 493 772 357 966 840 103 302 680 550 385 26 526 949 
571 265 873 417 222 304 116 859 280 523 526 565 643 287 575 173 310 14 231 960 
448 982 395 697 994 236 130 850 468 405 759 194 747 933 119 943 249 307 510 302 
598 637 365 305 510 768 455 712 747 75 539 811 413 260 916 439 910 139 152 79 
906 446 838 29 839 716 356 113 570 46 152 561 699 851 861 354 305 363 679 366 
705 302 699 518 371 198 929 362 157 58 99 446 268 477 43 967 576 158 448 527 
736 57 233 485 158 398 349 433 60 168 10 118 567 505 941 113 258 20 649 937 
350 875 523 951 281 738 846 624 229 868 994 576 227 20 531 865 327 39 367 285 
198 800 559 521 725 91 1 882 867 934 718 740 882 765 248 81 602 686 534 791 
615 284 331 445 987 367 476 598 175 668 489 215 607 857 557 70 187 68 585 604 
221 828 590 757 992 808 298 884 45 991 517 900 628 216 532 573 585 979 389 524 
677 478 260 246 567 85 357 902 738 740 132 149 41 575 146 145 928 380 504 666 
660 543 89 24 942 766 170 425 588 718 638 586 889 798 728 195 591 746 199 792 
473 547 585 342 901 493 313 171 250 689 363 752 887 676 131 179 76 408 328 256 
421 593 782 137 644 251 908 902 814 18 371 926 33 225 161 566 147 119 213 41 
367 775 947 497 92 712 946 716 559 908 53 579 506 668 199 472 621 60 322 230 
604 595 121 125 369 110 740 997 979 206 780 67 462 815 224 42 109 417 656 164 
998 172 128 162 893 384 383 224 508 515 760 835 954 319 744 391 977 371 546 533 
828 184 839 506 496 511 506 254 626 9 267 459 545 399 378 100 862 931 487 200 
842 271 447 863 86 781 426 60 665 774 698 396 517 239 566 486 275 168 769 91 
97 919 140 176 433 389 59 441 547 487 247 617 934 816 415 15 387 20 5 947 
554 920 358 530 569 769 257 774 153 691 260 233 372 331 755 531 901 542 699 330 
86 138 751 330 640 702 128 718 630 62 602 205 75 474 188 208 197 320 96 547 
258 46 732 153 690 572 248 149 805 90 329 399 775 190 510 604 664 849 857 490 
361 610 296 393 204 466 589 189 11 722 618 156 332 338 137 115 292 724 571 62 
473 561 719 767 68 698 853 807 719 705 308 571 443 584 217 16 694 226 161 26 
83 489 480 290 361 200 3 102 809 82 563 173 386 619 835 651 119 398 996 250 
364 390 687 994 277 888 915 146 144 217 775 527 643 812 458 116 409 863 985 659 
33 623 186 795 495 760 454 987 7 241 275 653 936 16 475 47 350 106 759 334 
930 198 345 523 621 171 912 371 850 926 85 122 220 305 518 415 601 8 552 502 
741 397 378 74 81 367 120 345 150 807 5 5 509 299 677 871 104 654 858 503 
374 287 733 81 555 305 991 394 46 59 609 948 488 481 113 47 993 755 573 688 
557 773 797 686 879 175 156 986 109 173 199 63 444 441 866 619 381 479 159 964 
488 370 840 102 648 325 175 444 176 861 524 974 148 469 95 850 587 154 598 773 
883 248 889 11 605 252 924 142 738 436 461 836 359 531 734 996 245 978 845 314 
213 659 395 353 890 575 50 608 486 324 859 392 762 687 302 485 176 344 850 315 
827 462 688 522 706 968 211 221 768 702 827 112 696 263 347 233 751 524 95 481 
746 141 994 330 850 210 167 490 325 245 790 289 543 62 985 16 817 399 231 858 
632 978 105 631 65 79 580 815 556 426 622 628 310 661 100 795 876 522 795 445 
996 315 158 544 710 725 152 643 60 914 490 547 646 198 855 911 304 885 725 322 
360 75 535 82 739 236 705 789 31 541 692 636 678 210 107 818 849 850 573 678 
115 431 188 878 848 43 604 559 406 752 920 235 379 550 466 819 63 586 145 101 
899 868 640 63 938 954 61 333 871 356 751 31 975 472 956 78 672 335 465 360 
747 655 339 826 758 74 326 686 700 31 956 782 529 856 616 63 889 636 108 873 
384 845 312 486 640 620 3 785 246 651 438 737 173 564 591 854 568 625 684 172 
306 420 410 901 896 767 412 380 953 942 911 247 693 132 766 236 956 523 969 736 
624 248 411 59 918 118 556 408 577 90 460 940 152 503 50 557 368 387 940 701 
332 161 336 286 29 713 978 417 85 733 998 386 792 133 624 262 221 485 850 831 
713 877 230 527 750 561 157 868 546 410 536 51 74 646 749 312 16 603 163 732 
194 562 737 288 662 993 901 761 635 201 361 956 833 74 386 876 460 243 211 746 
421 518 583 629 1 579 255 202 742 500 427 365 68 226 340 945 840 734 489 308 
255 634 640 407 488 217 208 108 187 27 268 592 913 606 354 812 19 746 693 94 
224 547 993 70 729 237 157 654 96 707 453 832 25 216 584 367 927 826 95 447 
145 227 280 830 407 18 777 847 272 529 409 916 637 872 436 76 820 939 581 270 
357 248 513 901 129 979 753 740 21 637 336 524 97 754 774 211 445 546 828 855 
54 842 481 852 622 52 685 954 218 276 204 370 552 909 741 258 600 323 211 991 
106 834 267 147 112 815 711 208 502 966 675 900 135 500 262 877 978 109 92 446 
189 25 657 90 696 922 328 752 13 409 61 608 214 49 184 998 40 988 323 84 
207 270 533 685 130 383 769 455 665 820 56 704 468 328 6 821 805 503 820 406 
24 67 841 798 538 899 430 930 576 448 578 360 658 130 276 786 200 435 359 843 
339 641 403 985 639 90 353 747 55 84 647 653 530 659 125 866 429 678 239 138 
961 667 180 116 878 202 894 189 48 200 59 857 353 245 539 257 367 120 539 542 
551 777 594 29 810 143 458 836 471 203 729 291 210 253 336 919 284 126 732 51 
458 54 395 32 986 518 993 823 555 288 372 204 556 446 333 781 384 81 352 58 
873 203 605 168 419 342 760 897 522 686 253 407 758 741 705 697 910 798 181 932 
723 300 164 221 799 867 119 494 621 95 127 839 538 852 691 183 996 438 594 899 
634 955 811 927 53 533 219 203 262 635 871 703 400 459 730 570 166 337 866 927 
664 411 534 809 602 848 698 929 126 878 559 333 588 147 572 227 294 838 978 927 
337 567 950 433 193 132 624 90 707 830 68 16 737 852 366 857 290 30 460 637 
840 596 39 630 814 231 129 260 210 128 989 36 895 809 892 521 22 289 900 574 
702 4 110 803 841 769 847 126 593 757 159 411 411 593 225 247 138 856 658 922 
839 708 766 187 89 793 359 312 583 729 47 838 821 33 728 734 287 188 241 89 
591 71 100 533 725 701 510 664 80 188 223 980 536 248 555 828 533 934 832 790 
653 84 897 257 666 7 778 433 235 660 780 937 901 459 939 456 448 121 791 848 
86 541 472 147 962 182 573 198 470 98 143 42 551 586 177 232 533 764 3 397 
317 569 736 887 225 161 988 207 324 115 466 95 70 978 708 702 791 380 76 257 
369 828 779 869 142 299 657 650 876 826 500 762 550 899 44 714 502 329 374 288 
335 781 903 422 800 243 588 406 77 476 520 63 864 420 814 174 137 351 607 192 
617 928 717 607 725 2 449 451 825 867 651 539 851 46 744 173 274 63 120 122 
351 700 633 621 282 386 742 38 488 238 500 793 835 790 990 348 411 527 663 618 
220 127 185 513 248 205 827 411 422 384 200 123 754 654 878 270 112 151 340 412 
995 752 80 718 3 812 775 347 255 952 366 830 406 909 1 330 980 852 34 529 
563 597 844 89 440 465 688 832 768 657 344 425 3 590 826 951 360 378 112 602 
985 358 278 424 263 998 707 589 281 946 211 638 18 542 651 571 409 165 767 923 
364 761 538 308 935 206 724 499 234 552 464 753 105 193 318 759 368 856 798 995 
694 743 943 411 961 811 879 297 435 313 787 184 172 71 593 774 455 425 956 931 
417 150 112 849 896 434 447 756 224 932 660 659 844 635 85 776 803 140 366 868 
376 607 924 279 158 108 302 335 844 440 515 302 934 436 224 809 253 655 289 54 
728 891 491 334 130 78 927 452 341 554 609 828 95 38 625 359 988 142 345 982 
925 201 57 461 896 354 320 498 848 570 812 622 6 75 380 412 32 592 563 647 
73 987 455 825 305 199 3 673 950 663 986 44 298 334 814 279 648 601 576 884 
130 649 648 916 116 350 71 228 574 65 58 130 190 592 570 146 260 744 514 652 
330 69 609 792 644 222 449 653 460 319 983 110 162 270 932 183 506 954 355 222 
557 449 212 693 276 506 576 791 762 234 510 593 274 282 254 371 186 384 132 735 
534 101 190 729 16 104 73 927 550 417 450 243 628 64 793 847 380 311 146 865 
691 989 919 975 158 133 776 100 228 406 301 700 998 988 965 628 308 655 448 445 
626 946 154 547 211 759 376 201 709 273 840 344 702 697 332 143 284 438 920 404 
315 239 829 284 138 306 892 176 271 795 703 289 197 197 156 29 811 284 739 82 
935 174 338 147 995 647 383 393 118 996 550 651 374 363 396 713 708 993 979 845 
144 459 918 35 960 810 496 994 707 920 624 379 587 712 672 602 386 421 438 580 
819 521 650 80 109 626 881 232 852 504 818 514 712 417 983 817 538 872 334 618 
260 84 816 468 960 333 529 375 932 741 370 48 940 708 324 340 232 244 670 884 
176 510 656 935 606 37 752 494 483 921 717 788 372 487 835 284 206 631 414 840 
536 853 251 239 264 469 27 486 72 961 417 730 218 597 790 573 466 517 50 480 
507 245 46 960 493 672 400 20 710 253 255 477 878 143 424 774 967 164 104 679 
732 889 443 93 905 636 940 460 780 890 205 447 251 810 306 535 382 89 273 355 
14 223 28 943 182 826 507 608 921 905 251 790 397 972 412 315 630 875 946 107 
581 20 585 93 818 801 903 553 880 177 412 66 825 317 133 302 289 414 778 947 
695 949 516 28 257 219 883 532 712 850 231 595 908 371 222 903 473 850 597 461 
834 279 818 416 308 527 553 721 279 554 326 559 480 302 835 313 122 772 994 138 
399 241 109 483 418 472 955 624 406 341 966 580 940 37 459 158 793 293 930 544 
310 424 207 165 468 189 31 668 40 72 543 314 331 712 242 900 541 217 593 21 
739 803 776 405 903 458 39 371 303 735 486 292 856 103 980 813 244 283 514 525 
905 160 139 734 149 447 183 686 791 800 144 889 288 818 380 73 41 614 997 392 
254 261 798 821 700 199 175 806 551 702 42 957 159 138 590 630 348 238 68 552 
920 779 192 42 259 580 482 359 685 409 46 813 295 424 865 931 867 688 590 473 
365 552 800 212 786 480 976 258 425 398 456 850 62 316 753 88 326 799 674 448 
472 115 99 17 697 990 737 61 531 610 994 933 55 151 555 177 848 953 576 361 
498 221 725 342 131 329 346 124 89 405 900 164 588 69 106 413 965 480 652 291 
110 142 659 795 916 501 429 613 187 228 480 475 385 148 369 961 46 412 229 806 
306 5 991 506 832 669 987 664 761 863 899 110 100 218 361 226 940 817 428 688 
723 739 206 929 366 140 773 982 112 452 696 277 435 422 133 811 476 684 632 995 
911 17 422 646 772 911 75 115 280 66 913 745 150 53 779 307 575 67 441 619 
872 937 708 242 859 234 860 126 409 715 735 349 935 344 517 434 478 126 586 214 
319 130 900 768 14 802 494 216 918 323 229 496 718 651 264 892 659 160 133 140 
526 192 889 231 279 922 136 650 882 597 111 690 297 872 221 846 98 218 617 289 
155 211 112 342 819 282 870 980 770 440 959 644 571 380 798 401 89 817 510 880 
193 894 367 576 455 372 364 779 803 597 146 413 740 250 187 61 653 278 996 745 
664 994 4 607 297 376 294 178 668 540 600 578 162 647 117 623 887 158 400 470 
303 835 587 805 363 714 670 964 782 991 851 220 438 958 50 173 71 107 17 371 
249 51 646 376 853 626 784 608 923 974 291 0 321 660 946 400 335 18 129 3 
774 69 915 693 578 452 466 357 269 868 574 811 991 526 776 315 875 894 599 634 
819 780 883 320 190 400 199 159 665 98 788 4 276 528 868 779 342 740 276 47 
812 21 846 355 518 125 774 538 682 114 763 990 990 217 840 791 952 448 828 602 
520 338 687 732 16 913 430 47 842 374 88 77 235 989 914 650 79 456 7 367 
741 784 212 827 548 443 484 949 30 794 816 736 300 34 753 830 730 902 520 624 
653 355 934 148 314 564 127 601 152 575 197 295 825 231 618 18 997 531 486 433 
392 31 346 130 29 770 803 576 235 8 563 663 279 825 125 143 905 370 808 903 
379 754 718 924 792 151 693 459 842 770 637 59 783 280 411 839 196 42 237 658 
890 808 255 571 384 986 166 44 177 863 548 741 792 249 531 262 273 536 812 837 
442 430 850 285 258 331 435 712 216 563 343 941 135 244 260 549 329 412 377 11 
841 563 674 627 422 228 251 493 981 210 161 633 389 1 389 972 185 738 114 620 
897 259 529 625 187 558 210 589 169 969 502 613 922 358 715 792 925 380 544 903 
634 133 658 278 436 113 174 859 13 188 879 692 512 275 554 389 805 589 776 634 
352 663 101 290 987 968 7 261 421 71 32 959 339 793 656 69 494 456 708 623 
197 432 667 847 28 972 67 482 365 544 832 724 22 256 853 425 684 177 86 849 
191 118 388 763 669 815 82 253 707 861 617 51 41 288 615 262 806 156 533 95 
716 929 288 157 788 955 95 971 437 138 991 861 442 322 172 596 50 349 530 639 
844 911 875 101 89 707 665 673 900 853 373 61 88 847 489 714 114 415 748 359 
983 529 732 160 78 697 296 841 217 452 166 291 368 104 883 373 38 937 193 535 
296 765 526 620 956 234 819 510 462 278 849 894 137 704 355 635 164 173 96 826 
450 477 55 64 439 687 89 341 287 826 617 633 905 886 119 883 869 626 397 375 
922 399 329 751 955 773 877 126 459 965 187 217 806 838 837 71 145 356 364 418 
621 822 551 238 336 351 631 138 461 623 544 701 581 546 467 515 878 218 282 104 
651 201 378 388 420 857 352 215 503 23 398 662 63 437 885 647 588 511 127 314 
139 193 389 905 616 775 894 713 353 349 825 993 356 456 61 587 276 613 943 657 
920 48 301 1 253 783 473 948 125 704 559 211 855 600 258 891 969 518 899 979 
372 80 268 243 351 60 980 703 63 89 692 580 805 775 2 3 607 36 211 484 
340 481 535 572 642 709 215 890 211 496 586 582 544 386 569 859 875 20 303 799 
619 31 645 193 420 229 317 946 318 741 661 391 552 74 942 14 75 750 598 86 
603 339 715 972 948 842 961 108 329 328 245 45 795 854 427 495 263 184 949 449 
425 504 189 294 473 467 398 560 275 484 477 761 339 896 933 237 48 90 412 508 
40 656 680 550 980 502 790 743 758 561 420 302 280 766 133 145 279 556 261 107 
208 576 126 681 538 232 170 105 316 905 393 371 264 428 830 300 416 519 61 985 
952 337 672 938 476 568 331 383 611 222 388 727 84 448 623 870 16 393 80 478 
769 823 346 34 953 749 576 687 350 49 306 988 661 94 234 428 220 548 592 705 
964 95 379 899 727 430 480 913 750 876 600 367 502 284 213 89 220 169 845 743 
111 532 19 617 789 706 754 789 264 644 995 134 298 184 793 975 967 144 19 649 
643 858 322 954 692 792 675 455 872 761 759 674 570 544 505 455 241 491 0 604 
905 159 590 647 270 17 8 717 718 48 223 711 295 498 189 599 753 916 916 237 
877 742 484 27 679 957 268 879 311 683 859 938 982 460 927 316 695 339 286 522 
204 733 883 451 235 939 803 232 952 358 624 634 436 78 614 824 166 12 84 56 
226 32 573 190 647 285 295 700 86 572 12 737 655 319 992 316 150 7 810 26 
862 583 687 335 836 955 322 426 304 11 696 411 439 972 36 705 133 665 486 615 
345 126 922 504 153 293 814 707 424 741 51 728 837 960 264 819 365 467 907 368 
980 859 354 624 264 150 729 467 215 232 260 439 610 87 872 983 857 209 581 119 
137 165 182 255 540 687 252 591 240 464 552 594 554 293 808 166 476 430 252 563 
677 986 649 801 640 529 605 903 400 986 796 1 994 215 979 938 947 494 51 411 
836 776 792 154 771 111 779 302 548 124 324 25 919 455 420 592 428 507 450 936 
28 840 165 897 698 347 105 511 347 11 797 62 689 613 516 38 846 715 491 783 
343 296 555 295 886 71 542 257 125 989 624 89 536 355 662 302 578 929 114 814 
803 400 594 120 800 238 501 110 147 871 671 386 957 154 367 914 529 26 559 503 
43 694 228 850 25 948 0 272 425 313 604 632 227 955 817 186 96 827 640 411 
747 413 248 214 110 658 609 373 417 416 679 56 191 24 417 813 145 329 394 656 
191 67 600 389 539 38 579 348 433 4 184 84 869 468 191 324 987 984 713 262 
124 866 614 900 271 594 302 439 319 883 30 790 524 207 478 612 508 72 728 22 
59 145 267 219 441 300 202 332 931 757 999 349 308 902 883 813 382 772 274 907 
819 987 594 801 233 966 965 310 678 617 848 342 687 306 611 541 775 237 953 877 
215 815 138 43 937 813 904 360 81 71 918 495 462 383 280 306 821 22 447 58 
903 529 795 7 724 527 590 652 960 975 622 623 341 447 155 928 985 24 667 599 
858 521 866 891 375 952 246 17 952 808 122 377 585 496 624 735 971 528 165 328 
395 738 120 491 671 926 731 923 814 789 829 610 592 67 174 192 462 335 157 364 
755 437 615 659 203 574 897 967 923 246 183 449 25 886 630 193 797 970 127 429 
256 430 621 33 395 173 482 134 940 307 412 806 517 699 366 239 781 651 444 238 
772 135 614 373 337 843 537 696 933 749 498 645 989 866 477 995 4 680 317 92 
104 475 685 589 686 908 702 557 120 911 66 572 102 28 776 31 899 633 729 761 
65 414 115 788 7 848 27 416 154 482 792 619 794 977 614 218 175 823 305 462 
635 906 66 19 962 510 343 293 823 344 365 172 264 564 833 105 78 730 480 473 
437 388 676 138 395 388 808 756 55 116 277 210 983 789 718 648 327 147 640 904 
534 665 807 968 835 249 165 325 280 927 476 134 910 887 86 714 602 508 915 220 
326 746 771 696 434 774 796 558 565 421 118 783 999 114 685 213 241 36 207 48 
543 455 927 390 324 754 497 354 655 577 551 489 685 51 827 225 734 143 350 867 
277 794 272 722 730 44 600 532 410 869 711 745 266 162 713 258 591 140 36 403 
874 827 67 628 986 654 373 740 779 310 858 719 685 716 557 923 88 408 424 501 
127 212 781 601 234 496 217 241 552 255 414 917 356 162 321 796 784 859 688 58 
703 989 608 283 16 546 246 992 440 757 765 559 942 977 336 367 237 433 328 404 
206 914 696 823 508 478 135 642 788 650 173 475 956 258 322 519 347 396 964 177 
466 170 199 331 34 756 257 276 381 389 670 66 553 221 370 922 819 111 142 606 
176 531 581 854 66 495 758 874 992 58 988 135 695 865 37 768 504 661 704 895 
850 4 603 108 682 960 972 189 783 157 638 615 515 686 550 468 335 211 646 589 
654 76 185 393 894 121 400 847 922 716 29 969 603 823 223 130 679 131 229 9 
746 312 190 158 837 980 840 532 149 446 216 159 502 906 73 425 679 818 72 800 
247 698 632 113 912 988 361 291 795 950 919 637 596 873 872 210 567 563 797 135 
667 143 437 641 863 756 758 36 210 435 109 882 671 525 336 656 361 405 891 8 
435 81 240 506 764 734 258 76 824 964 419 236 898 8 244 347 993 282 230 980 
960 982 839 373 243 638 551 262 79 880 883 488 937 404 209 920 994 89 357 547 
425 232 59 740 625 648 383 844 612 820 66 417 176 602 789 578 10 694 803 2 
273 287 146 428 868 15 730 822 806 496 985 672 112 93 190 422 408 199 492 492 
297 458 497 611 955 39 992 593 412 259 277 125 159 328 759 83 420 458 362 868 
336 581 925 291 23 261 633 467 423 934 556 677 623 501 877 768 168 798 753 1 
50 655 204 750 802 309 4 966 482 30 715 284 729 335 931 35 757 894 103 699 
855 187 223 36 326 163 372 203 231 53 37 947 523 649 474 174 41 828 967 612 
637 169 819 235 673 45 793 792 843 370 894 349 967 127 949 772 71 413 808 402 
408 277 159 831 287 456 629 797 796 391 169 350 861 837 291 300 470 369 504 475 
968 512 728 290 568 522 853 802 913 668 126 261 972 774 862 308 31 510 495 194 
531 261 402 996 363 672 635 925 666 26 560 252 284 128 907 801 776 437 865 609 
908 558 393 550 274 681 625 826 834 994 85 117 255 606 426 925 974 532 939 198 
884 568 729 851 104 706 320 803 489 838 111 695 737 165 256 442 978 500 433 626 
472 4 234 423 55 890 41 2 758 487 946 384 61 683 978 486 131 718 46 623 
451 455 760 820 543 552 18 524 525 33 542 436 649 84 429 376 28 409 710 418 
172 827 753 618 676 819 13 936 837 852 447 462 948 918 180 305 630 231 568 785 
666 446 176 543 766 66 277 647 117 59 474 550 367 519 577 982 521 328 344 463 
14 244 841 696 46 925 242 422 463 161 451 324 1 973 526 956 382 390 204 317 
578 104 573 638 423 51 983 657 700 858 916 123 991 478 597 108 120 699 324 306 
505 288 24 411 371 445 826 10 218 552 288 569 675 569 983 409 581 823 430 238 
326 889 945 230 719 122 203 586 395 903 768 278 308 235 306 494 463 525 506 298 
992 960 729 68 521 612 952 847 311 683 725 722 894 38 846 421 311 192 571 964 
102 963 191 521 424 378 663 126 509 711 503 436 515 471 849 278 3 762 159 729 
712 999 563 752 372 679 77 291 341 920 429 943 553 902 409 404 566 773 121 267 
285 330 25 527 592 691 783 142 321 540 861 855 573 819 225 374 345 326 60 221 
83 523 624 406 837 344 278 623 605 692 982 52 880 310 479 3 425 909 626 940 
756 904 746 48 384 871 879 276 940 89 492 926 201 127 893 335 121 745 621 129 
110 392 511 722 693 411 547 786 909 630 987 665 595 808 774 157 792 403 813 787 
293 378 501 68 285 614 324 890 885 393 999 434 575 807 787 460 669 457 643 585 
636 340 434 645 974 106 873 285 141 576 435 411 157 199 23 103 161 542 893 872 
385 408 245 3 194 858 12 323 831 408 152 139 591 209 583 152 574 488 475 561 
936 532 736 523 59 394 193 48 509 457 392 257 958 510 388 628 319 146 272 775 
443 985 962 437 453 619 473 96 850 169 747 441 144 632 133 908 71 170 420 407 
239 118 572 892 715 252 735 124 461 21 9 919 153 578 1 266 830 708 194 496 
338 500 130 332 125 917 627 989 346 262 312 475 425 964 930 265 848 248 325 28 
364 749 780 499 618 108 860 664 26 755 24 78 887 667 264 202 936 945 799 367 
579 312 749 37 834 421 459 42 862 483 933 740 396 880 268 437 573 96 173 695 
274 792 60 442 888 685 293 277 792 654 660 281 10 719 115 204 395 128 660 989 
36 6 72 843 157 576 504 522 762 892 74 216 429 67 54 61 277 634 632 570 
141 35 569 308 959 787 762 577 963 405 464 586 730 695 526 481 640 51 407 725 
546 450 132 107 884 276 573 351 70 962 667 124 824 223 5 40 755 116 777 779 
90 92 150 418 81 568 47 591 765 667 250 883 60 552 722 735 582 563 843 367 
60 949 748 233 840 572 265 100 341 906 289 459 256 405 117 476 72 631 891 597 
682 303 194 15 984 48 422 29 771 56 206 270 350 171 268 217 653 185 837 825 
670 190 858 825 870 848 118 161 927 334 513 482 633 215 748 239 543 921 78 940 
787 331 359 931 893 341 587 189 655 78 793 190 773 830 316 36 499 605 561 745 
255 884 178 719 393 715 779 619 576 914 508 677 431 412 350 559 111 233 801 285 
399 251 556 580 458 291 230 349 176 309 670 907 903 857 118 339 827 27 806 92 
931 445 262 704 198 843 882 74 814 224 509 128 364 688 440 250 381 637 674 739 
92 574 92 272 799 660 765 95 30 591 932 2 233 689 932 44 977 313 245 731 
50 987 816 902 263 285 875 865 975 693 454 743 599 233 525 799 952 535 359 66 
26 527 382 100 488 958 544 745 118 724 613 731 481 328 26 49 663 690 646 729 
215 721 115 920 513 31 855 625 608 553 107 589 231 243 268 11 947 628 392 345 
135 734 515 913 781 353 715 798 596 999 657 321 157 747 705 551 579 230 19 294 
633 155 419 256 526 292 54 766 167 675 278 937 236 445 367 757 470 532 731 872 
790 989 931 761 170 394 472 244 932 544 609 221 667 307 509 218 486 208 323 574 
558 907 736 108 19 643 169 617 538 403 586 549 134 954 382 43 629 421 471 630 
940 595 104 998 661 882 794 348 311 976 12 515 535 428 503 231 318 862 808 555 
899 333 367 133 443 871 736 100 990 350 727 829 363 297 802 90 111 512 962 77 
666 333 714 76 826 247 354 245 125 320 62 971 936 57 827 649 461 397 146 207 
557 836 465 755 658 705 885 137 593 733 900 862 910 157 603 617 240 666 571 36 
590 216 521 210 346 377 294 217 629 706 348 577 875 367 714 109 441 627 426 882 
460 146 769 950 795 618 207 444 128 590 864 820 795 430 434 488 672 924 760 444 
546 656 198 837 567 494 709 318 790 550 81 550 143 645 234 542 770 26 248 962 
386 988 986 303 51 826 169 428 466 162 256 195 508 318 671 481 802 371 417 900 
947 716 394 165 850 32 157 934 978 447 956 526 455 426 425 746 527 252 677 62 
361 923 552 125 972 443 632 645 595 750 845 95 79 44 28 462 870 633 210 909 
955 624 293 821 854 74 405 903 390 468 568 528 531 567 382 683 857 305 530 643 
970 677 434 936 515 670 233 585 34 914 963 44 470 53 729 18 415 163 886 318 
200 218 32 671 234 358 755 804 243 855 930 424 495 337 432 711 45 179 679 247 
718 866 327 170 913 142 928 851 979 756 563 559 677 230 918 446 734 857 647 217 
370 493 59 815 355 442 751 267 160 905 623 176 147 384 645 144 911 51 140 768 
1 55 405 448 6 376 890 211 142 686 305 442 175 835 724 581 973 608 111 172 
201 97 905 131 784 126 766 613 709 388 732 322 945 19 348 372 298 816 268 734 
346 374 179 718 289 249 84 365 390 748 199 92 514 755 556 353 941 651 274 250 
21 209 959 473 588 512 832 201 593 391 955 192 314 978 987 382 737 247 956 445 
884 836 440 641 602 328 658 185 474 583 24 214 254 786 662 356 784 926 265 600 
324 619 280 633 791 152 186 721 774 861 508 277 585 218 762 763 361 942 945 148 
552 842 74 458 977 375 337 748 168 789 94 256 922 774 156 744 600 154 736 584 
48 36 260 958 165 836 61 891 688 711 506 169 886 484 750 494 148 144 296 528 
449 693 200 345 675 342 308 158 109 70 333 610 135 234 620 688 838 700 273 480 
102 497 85 513 501 397 349 553 729 550 506 521 117 294 503 373 872 493 427 378 
999 286 872 160 308 64 115 378 902 648 533 11 51 310 705 156 732 533 207 428 
304 423 824 191 739 384 891 98 656 609 16 549 725 857 59 921 766 887 858 581 
196 354 483 292 216 908 352 945 923 445 92 398 687 348 155 641 427 283 756 768 
171 60 698 222 823 830 796 839 869 277 618 184 337 89 497 82 668 733 824 137 
34 747 812 536 552 894 825 383 838 216 226 192 186 893 218 358 909 159 260 343 
442 492 512 556 20 957 224 934 639 976 810 859 570 424 374 473 339 539 746 571 
707 165 164 202 932 140 672 789 840 91 827 427 700 770 15 400 21 662 511 191 
825 741 582 952 42 525 827 794 574 517 488 762 546 20 707 885 801 49 580 522 
87 242 912 107 323 801 486 365 125 972 712 222 851 652 836 823 810 696 651 179 
555 739 201 391 948 195 191 353 881 780 510 206 131 524 133 654 152 256 404 971 
194 487 449 883 268 477 83 593 547 419 134 259 434 333 927 831 48 244 224 511 
189 549 685 128 299 449 144 901 954 486 834 377 638 175 315 589 21 272 724 486 
932 236 763 995 593 410 520 565 294 781 149 287 900 412 682 985 927 665 34 632 
193 61 264 688 177 68 638 780 53 469 280 901 261 829 532 834 578 532 796 15 
911 488 48 97 887 249 965 112 967 581 931 726 493 300 230 343 842 262 250 153 
164 20 621 879 303 405 399 552 92 706 853 941 202 180 967 148 717 316 582 254 
844 971 930 319 407 435 691 727 441 222 487 428 386 557 507 99 976 540 133 111 
304 924 442 48 783 201 763 208 582 389 469 794 365 212 633 36 950 914 961 863 
630 10 116 580 144 465 52 418 443 410 166 101 540 626 434 448 815 31 724 998 
674 925 681 525 346 513 142 293 531 937 702 416 74 219 250 682 93 806 486 563 
173 719 738 530 827 700 822 124 769 214 409 334 810 826 628 111 916 144 762 65 
253 616 699 690 284 346 897 222 513 325 163 903 720 75 520 503 578 19 182 701 
125 126 116 519 269 749 372 159 282 979 837 49 148 48 624 164 780 181 105 318 
149 55 321 981 179 150 226 148 675 901 514 978 747 975 875 114 259 31 26 150 
428 720 679 500 176 775 500 422 699 582 426 277 136 171 16 982 423 912 534 544 
925 883 865 396 508 337 455 238 381 223 893 203 651 441 567 163 226 94 705 761 
416 308 611 729 610 600 962 730 402 233 861 636 64 718 940 267 823 84 128 500 
698 860 95 847 790 973 591 342 113 446 269 581 155 646 918 563 564 952 989 456 
150 513 662 319 989 836 332 614 188 688 670 67 970 392 870 249 533 819 37 364 
117 789 41 690 917 254 641 922 453 50 515 265 939 752 827 818 59 191 215 29 
644 222 824 364 581 786 116 754 809 13 162 277 143 765 293 766 548 83 509 279 
893 469 610 972 424 319 746 76 26 645 117 818 542 588 607 839 148 690 311 346 
161 186 261 227 790 228 881 204 139 221 753 57 733 699 931 962 733 876 852 366 
339 48 760 154 779 987 468 195 447 431 287 344 909 338 832 75 122 20 12 962 
391 820 647 9 675 443 789 330 378 457 9 216 373 926 374 856 561 524 429 696 
180 627 70 85 149 765 177 480 596 892 551 248 786 96 125 142 426 157 314 45 
112 388 353 873 200 561 153 913 410 598 946 96 213 269 194 936 594 595 266 888 
363 348 715 304 115 401 164 721 543 209 56 947 534 135 756 449 821 912 103 192 
621 672 981 704 641 638 389 746 731 324 105 467 503 339 69 615 714 615 12 802 
588 183 384 587 20 457 593 10 626 155 352 963 571 348 996 555 184 156 501 698 
825 513 671 482 256 35 304 775 464 755 581 464 512 184 322 621 258 713 210 177 
474 218 686 138 715 289 192 7 795 0 427 457 986 88 443 917 95 51 763 16 
92 131 591 812 963 690 710 347 17 97 221 833 146 173 704 806 981 990 505 676 
49 562 254 487 104 506 407 547 115 987 605 746 103 424 961 973 982 702 348 234 
72 400 210 648 588 844 893 159 450 781 375 435 219 915 656 963 147 360 513 172 
109 123 879 476 311 379 885 332 840 668 779 165 816 478 267 782 207 271 862 100 
673 821 978 948 807 345 655 701 625 536 986 850 564 724 753 430 310 338 289 296 
202 717 44 353 112 787 447 724 803 174 107 870 586 638 993 134 943 893 932 926 
596 828 250 426 128 500 515 937 540 247 837 834 194 495 927 497 976 383 613 682 
873 26 940 116 597 56 302 706 683 744 519 198 660 18 1 775 377 148 573 733 
983 576 163 402 338 564 940 627 128 618 526 423 840 209 96 431 963 268 591 399 
545 601 32 324 263 564 438 791 120 277 918 961 401 935 706 247 849 467 875 720 
441 212 522 203 825 860 128 279 19 296 981 974 443 615 510 913 631 681 962 626 
252 781 200 638 634 763 569 873 872 427 947 855 258 718 905 840 106 796 245 227 
110 461 863 678 521 852 579 53 299 256 14 225 437 933 185 955 832 332 897 809 
14 422 957 56 540 518 178 172 661 815 5 323 658 219 135 320 545 663 213 167 
580 171 232 556 964 294 457 745 925 745 338 143 739 875 826 453 21 829 887 759 
858 935 88 953 633 323 659 500 981 311 813 623 401 209 528 842 48 567 794 479 
920 172 972 683 512 658 127 347 983 468 310 258 527 618 760 906 315 659 36 769 
988 278 59 894 930 218 784 100 137 439 19 806 370 916 686 795 420 627 255 685 
786 545 464 44 430 10 475 921 526 413 370 775 655 259 590 164 184 646 150 833 
304 352 611 478 137 809 337 874 551 550 489 817 332 310 101 287 254 774 739 67 
404 599 37 656 997 166 96 184 953 237 748 642 84 889 403 422 400 588 750 798 
81 483 996 735 71 74 708 176 616 254 942 363 397 603 613 569 422 359 919 419 
111 103 200 78 173 154 347 743 340 747 19 7 955 626 529 72 763 748 279 929 
291 10 364 695 495 104 177 701 570 183 756 204 74 189 866 486 195 163 283 112 
991 919 976 967 740 163 960 636 246 542 76 786 519 50 871 359 4 149 314 794 
242 428 191 284 801 269 844 2 239 684 402 450 696 336 191 627 933 726 49 106 
138 31 28 779 701 366 982 60 771 620 808 544 933 335 623 43 332 720 733 17 
16 165 482 244 575 991 966 502 260 468 675 803 598 623 639 890 395 630 800 374 
957 228 19 744 763 360 110 272 483 983 868 716 471 270 721 159 829 314 111 357 
75 915 304 990 867 326 613 738 395 266 782 52 33 749 971 906 85 944 594 403 
151 96 858 538 706 415 136 35 433 962 936 987 194 116 286 36 728 212 621 353 
885 378 576 487 247 327 191 101 178 205 604 510 7 933 743 948 988 160 167 815 
443 32 490 206 823 800 862 717 277 185 144 631 976 286 110 478 463 170 248 890 
482 249 20 838 803 196 835 201 42 817 69 851 692 147 20 622 404 677 88 984 
922 749 862 190 476 527 735 930 18 854 910 392 366 626 378 742 604 423 717 42 
990 147 220 440 859 762 816 332 769 141 676 893 848 240 191 899 353 851 388 691 
95 252 681 984 661 874 566 284 481 749 174 775 183 892 418 214 632 935 900 224 
676 335 225 677 550 594 51 729 40 459 662 248 727 834 337 65 823 440 823 632 
354 142 263 959 829 478 512 980 548 89 265 977 351 82 384 976 604 812 634 365 
360 768 963 497 648 673 389 60 541 524 278 595 455 401 237 410 905 311 6 955 
918 176 943 760 641 192 457 301 131 724 795 522 833 408 123 440 748 906 319 649 
894 773 179 388 25 160 163 273 474 249 756 995 366 748 398 300 395 384 404 573 
26 531 967 702 676 461 792 18 923 35 877 71 426 53 126 173 383 650 768 412 
368 594 737 595 60 493 133 814 84 666 233 120 34 730 782 665 496 990 504 818 
843 94 784 823 841 443 70 443 930 167 587 482 276 636 46 659 249 627 854 309 
876 190 607 677 673 183 376 964 365 507 917 293 566 17 32 656 4 471 389 872 
841 375 357 164 116 878 900 732 724 734 303 586 635 92 544 84 545 588 853 407 
747 739 805 846 388 38 812 883 242 113 505 772 836 235 854 930 203 504 633 534 
54 694 425 165 618 492 946 358 257 704 356 593 107 328 64 979 915 219 590 535 
44 98 267 631 947 73 518 971 542 450 933 120 421 291 436 125 544 190 302 691 
266 891 462 147 996 969 944 372 605 994 332 741 593 832 107 272 55 50 365 807 
71 332 610 27 483 70 519 339 62 203 756 378 571 340 555 412 735 502 812 578 
153 858 207 580 233 940 809 999 279 390 610 215 189 214 358 127 48 477 132 166 
747 761 803 124 484 613 451 597 499 215 155 93 104 371 655 693 4 262 348 453 
355 686 207 227 153 680 226 467 627 489 929 759 567 313 525 808 94 29 6 862 
928 916 350 748 313 229 619 744 875 855 213 450 492 824 378 666 449 458 614 967 
884 219 607 525 722 756 424 183 567 348 275 158 590 94 589 88 412 192 245 420 
973 453 621 677 49 62 548 149 496 260 578 260 955 73 62 665 805 200 589 640 
618 554 356 229 750 683 256 760 345 84 715 666 890 546 298 535 626 486 412 779 
635 551 758 546 824 61 461 403 871 743 460 516 268 303 775 76 63 836 14 589 
369 97 414 217 611 300 164 223 904 18 172 685 604 937 145 968 788 790 942 218 
368 159 900 483 855 316 101 723 881 690 720 271 51 719 998 66 815 869 725 190 
338 641 226 787 370 547 157 79 919 931 679 382 208 674 823 156 490 375 637 985 
21 827 815 677 736 343 91 996 878 620 603 219 232 475 15 28 61 422 792 534 
599 758 513 425 464 799 795 792 365 97 425 399 154 281 89 551 614 119 356 816 
105 832 311 503 435 935 179 609 966 584 170 934 294 374 92 664 136 654 273 518 
985 234 471 597 720 298 990 46 887 336 122 822 422 307 945 410 801 271 630 289 
836 43 997 750 475 483 32 678 918 879 761 175 629 67 57 698 16 112 320 490 
835 579 526 637 760 524 489 179 805 98 16 548 815 718 168 631 463 85 684 65 
668 329 723 170 889 242 965 78 33 633 461 546 280 334 669 606 204 179 47 690 
692 328 952 660 512 512 626 561 121 316 674 985 937 310 134 856 670 9 179 674 
995 759 455 359 128 851 394 632 236 184 74 1 24 9 95 223 693 547 204 235 
857 840 824 319 438 805 700 993 955 143 957 910 983 65 460 641 827 745 812 876 
335 899 915 573 136 486 533 21 825 926 390 990 391 225 231 739 345 319 635 444 
736 323 289 769 540 647 220 47 831 231 234 57 838 900 266 209 980 933 394 935 
529 897 720 33 988 336 959 708 229 34 348 17 318 759 673 724 674 977 369 641 
982 591 245 848 311 980 175 419 749 895 542 333 127 996 153 749 223 867 343 714 
351 583 830 162 852 794 803 38 249 583 426 360 127 936 165 248 716 913 346 587 
714 748 40 606 98 903 3 625 752 115 689 735 673 582 963 196 498 836 416 0 
362 369 726 548 659 746 50 514 477 388 66 738 228 165 530 170 619 50 164 862 
472 441 571 537 546 328 209 618 728 357 983 922 268 991 30 420 281 797 692 694 
945 78 513 840 417 184 546 235 792 85 189 764 662 339 766 680 786 635 690 794 
863 429 178 139 920 89 914 905 313 233 386 91 96 869 213 196 955 215 665 262 
651 336 750 42 610 835 554 981 370 465 876 268 462 260 711 243 429 448 610 266 
779 30 934 266 906 867 583 287 362 656 734 742 156 348 870 48 149 319 254 279 
201 528 823 225 934 50 263 619 603 138 701 944 320 460 102 106 511 622 622 768 
396 349 35 185 962 415 927 311 190 17 852 439 647 986 13 489 230 671 18 675 
178 144 124 787 119 699 162 452 440 136 988 632 203 893 118 663 349 978 183 231 
957 984 138 581 469 213 740 291 846 291 896 74 51 667 704 746 441 451 124 472 
453 160 919 582 166 24 272 201 365 998 791 615 219 107 105 152 354 35 726 736 
590 911 552 41 813 353 383 485 788 21 499 588 700 125 777 195 750 541 57 383 
915 113 951 912 519 876 17 321 686 259 737 871 351 361 916 520 752 372 457 773 
514 79 534 251 31 681 576 919 730 310 465 352 598 949 55 746 249 842 874 47 
545 373 966 617 24 842 346 14 549 802 344 554 51 595 214 931 989 691 148 145 
426 330 296 973 478 41 310 612 577 925 644 315 404 617 956 301 585 619 11 51 
578 173 346 875 70 367 259 357 511 467 983 906 934 897 781 133 11 212 581 414 
752 341 798 365 198 143 605 124 323 19 279 416 914 996 585 729 858 333 661 816 
228 305 151 337 735 907 425 49 350 664 85 929 797 674 313 764 256 855 695 461 
301 505 21 685 786 535 371 980 714 723 379 85 468 181 382 287 780 89 4 888 
575 884 620 645 817 341 669 264 137 105 595 330 431 607 615 921 124 662 296 667 
11 371 111 499 719 823 986 707 870 769 726 147 692 504 178 617 691 820 546 482 
257 693 97 384 402 916 171 285 15 73 914 702 671 404 823 115 398 872 164 958 
116 340 839 578 871 676 33 614 147 192 663 986 800 635 41 225 445 391 770 120 
476 608 824 406 925 622 452 317 384 718 699 39 870 794 790 956 511 464 879 276 
689 137 174 671 807 164 923 21 640 290 532 99 986 555 513 739 86 817 670 744 
182 202 801 664 636 956 68 546 637 916 765 881 366 400 37 690 781 494 126 651 
307 772 9 917 185 490 358 68 705 684 420 524 758 613 492 342 159 480 362 707 
735 64 859 656 537 323 181 451 386 755 851 636 383 989 560 527 105 597 551 170 
182 218 616 114 778 221 917 531 494 624 861 520 455 853 449 391 642 84 734 384 
519 825 954 600 579 533 978 905 779 116 708 460 230 8 672 226 298 980 644 631 
9 706 32 856 373 209 175 359 898 922 632 716 699 34 411 878 920 988 328 50 
862 200 28 227 335 247 973 59 68 824 289 841 617 416 306 844 296 45 564 703 
832 444 778 461 374 388 14 678 204 75 944 987 474 447 600 703 67 191 943 142 
770 907 123 610 76 505 82 404 120 186 498 672 284 92 45 588 457 185 746 314 
850 112 826 531 128 210 97 223 538 928 438 491 11 828 4 722 157 789 801 711 
741 974 975 457 638 369 577 928 19 328 873 575 511 716 784 755 567 522 845 67 
171 915 353 145 864 402 210 136 937 451 103 501 984 899 115 659 359 147 486 498 
828 776 617 592 461 104 360 754 927 629 756 388 166 670 322 936 256 895 838 916 
810 277 900 999 296 967 392 981 918 594 924 177 813 635 18 434 211 90 67 881 
273 765 632 978 571 778 943 721 115 554 872 607 479 346 839 453 125 100 933 840 
636 14 707 798 828 528 470 512 121 555 153 48 364 609 159 36 211 960 321 844 
762 307 647 321 193 106 538 134 543 737 449 220 376 239 226 984 428 223 20 712 
96 980 906 422 120 521 75 171 221 998 63 208 443 834 389 113 743 301 651 643 
319 461 773 816 778 237 538 152 90 8 299 490 351 444 46 196 926 844 306 399 
49 742 747 742 641 495 672 680 769 812 267 764 685 378 857 197 330 272 507 974 
224 83 596 247 878 322 564 585 325 676 596 839 919 639 219 861 689 634 961 357 
919 813 282 608 495 271 773 338 65 744 965 913 397 401 783 791 517 592 957 830 
21 256 579 787 904 737 65 310 389 507 304 889 154 849 256 311 71 372 712 624 
22 581 712 922 641 360 852 33 885 365 457 426 950 576 774 716 84 147 67 785 
468 891 636 892 513 528 92 266 428 897 756 542 626 80 819 280 381 41 682 830 
910 513 264 662 905 308 516 434 153 351 817 77 350 240 783 693 580 291 823 889 
438 278 31 525 771 135 95 220 504 45 739 677 62 276 850 849 909 876 798 460 
281 124 341 466 620 227 383 188 716 176 825 619 510 627 626 876 739 940 84 69 
58 882 141 175 127 262 423 92 915 385 732 419 787 610 702 489 789 741 733 219 
128 57 138 457 371 577 909 845 50 53 834 876 20 49 361 636 968 375 390 215 
33 153 782 342 464 17 163 10 297 116 481 31 568 636 842 355 286 134 671 245 
70 100 129 249 61 491 223 475 458 351 736 369 841 485 763 438 182 922 797 844 
281 674 395 747 565 219 753 359 605 595 58 374 177 71 720 51 781 135 439 516 
547 526 109 427 771 598 380 787 895 427 572 136 804 182 363 892 726 941 886 8 
915 937 332 632 130 256 400 402 173 820 304 760 269 836 429 356 22 458 226 108 
331 773 31 286 90 855 392 637 203 2 834 324 957 582 110 826 394 310 162 215 
228 908 539 311 896 282 119 77 186 483 707 529 529 32 920 717 60 895 843 324 
461 434 85 196 173 172 896 637 816 953 500 194 794 438 680 448 314 230 341 301 
247 71 887 355 841 341 485 645 561 181 732 169 42 172 935 695 161 329 778 457 
20 737 182 299 184 666 151 92 189 810 221 69 189 536 184 994 163 666 711 7 
369 345 123 29 733 146 415 222 220 127 267 781 175 350 410 512 405 64 728 338 
497 588 160 605 621 940 900 29 472 113 86 299 188 699 271 704 931 955 759 432 
571 85 692 977 759 240 190 308 625 784 842 619 524 894 62 228 615 29 157 453 
751 312 602 576 419 539 250 329 46 192 469 6 600 707 502 894 334 759 731 253 
940 730 511 79 336 422 262 746 169 298 497 362 832 265 683 79 85 841 18 753 
333 887 322 879 386 176 799 948 468 787 745 635 375 254 869 965 309 934 138 993 
909 155 816 27 324 35 560 679 979 565 656 928 592 833 526 548 706 430 39 498 
576 108 448 768 881 924 173 702 665 557 800 590 226 528 364 896 913 285 434 665 
979 119 364 212 632 190 328 765 727 316 496 777 850 267 256 521 875 988 31 121 
406 714 865 188 137 489 740 522 834 281 9 421 736 896 158 376 876 951 946 769 
81 202 632 193 794 942 624 257 395 447 474 159 307 967 149 921 585 630 967 633 
860 350 189 818 751 966 13 826 293 170 330 664 560 600 728 24 225 878 745 125 
715 979 816 927 225 403 507 717 210 687 886 60 313 652 918 520 226 154 955 379 
857 272 937 972 117 543 720 961 270 188 11 304 499 249 327 946 95 246 765 65 
348 452 225 116 128 947 107 985 592 429 126 490 394 746 727 539 703 741 128 866 
601 510 622 224 105 138 328 375 861 784 481 941 960 94 64 448 714 827 173 618 
905 45 327 255 40 447 396 773 127 123 360 708 667 390 210 109 823 668 27 247 
315 137 952 808 5 763 138 345 93 484 36 694 918 940 173 180 705 526 607 267 
659 834 175 862 763 899 446 440 101 689 751 538 258 258 514 995 835 596 232 39 
836 175 48 434 542 961 706 943 615 737 530 476 733 464 455 881 729 245 436 489 
617 656 950 863 337 465 703 781 731 178 91 633 284 986 137 393 921 243 548 328 
305 663 371 41 245 822 198 956 718 163 90 551 445 544 190 175 977 375 791 471 
132 539 737 639 95 374 431 73 823 604 444 528 856 488 3 466 249 701 292 384 
888 527 289 411 816 11 392 673 680 205 321 696 478 929 850 210 772 92 257 842 
481 307 490 143 659 227 570 974 195 572 979 172 18 272 880 180 427 464 364 126 
728 769 574 809 66 578 0 138 827 258 288 21 286 832 438 180 186 498 255 814 
299 122 82 433 657 934 753 459 901 455 266 245 481 717 798 954 887 168 569 622 
85 57 92 490 327 643 624 287 149 444 908 257 863 25 80 455 903 345 226 103 
790 824 377 615 841 759 745 298 165 58 599 39 681 42 277 384 619 884 271 754 
645 346 183 136 193 632 574 165 163 241 660 298 38 555 331 228 490 209 671 801 
981 360 480 637 63 60 418 632 338 683 188 506 241 82 169 2 216 279 748 364 
693 886 383 713 822 384 414 483 724 977 335 145 646 866 492 535 992 558 133 649 
356 616 607 418 890 829 994 736 325 750 442 795 222 145 227 46 477 495 499 420 
613 41 698 103 864 887 501 29 234 586 236 180 474 475 576 696 551 363 521 938 
839 44 847 75 93 480 528 17 268 289 345 721 239 208 992 406 803 346 258 592 
176 255 512 689 419 501 263 492 728 61 352 999 238 380 509 459 963 188 589 137 
385 380 298 471 65 422 185 876 792 984 634 568 439 45 553 431 616 916 259 831 
773 593 285 872 466 187 90 380 726 630 219 175 183 65 124 169 564 387 981 521 
86 922 854 404 33 732 918 454 879 393 438 681 815 536 697 228 92 810 911 141 
896 300 194 154 243 625 641 181 519 943 587 214 638 32 262 29 437 460 369 64 
722 53 862 577 293 227 396 300 915 881 876 223 761 456 330 659 775 554 87 51 
26 530 717 547 558 402 90 474 748 669 704 586 121 766 180 304 191 137 926 575 
896 176 472 978 687 24 643 298 218 566 286 964 725 116 513 903 656 32 153 180 
837 703 460 375 442 318 160 445 806 801 870 566 689 992 381 397 820 694 420 166 
636 819 720 744 569 37 928 922 900 211 924 459 656 666 909 804 983 244 689 297 
512 357 14 809 344 767 97 417 616 289 919 152 557 923 916 854 821 997 649 806 
720 601 692 566 397 567 291 276 735 759 8 27 464 540 412 863 605 463 5 845 
841 929 898 167 438 469 593 934 521 461 566 473 942 156 167 629 637 940 885 213 
619 297 246 980 587 614 89 80 678 486 841 130 577 637 622 147 431 497 288 266 
558 563 837 403 854 738 645 417 959 922 173 63 482 505 881 372 195 978 573 69 
165 158 461 360 679 199 555 54 310 263 425 768 827 969 359 101 366 429 312 874 
27 786 905 300 332 15 49 58 839 866 127 694 594 85 840 566 852 998 968 638 
85 471 547 0 304 173 764 94 392 292 166 815 50 562 34 417 642 139 704 839 
384 574 521 379 187 789 843 884 38 322 798 371 155 576 320 931 46 809 956 400 
236 839 633 465 11 188 87 168 42 405 916 618 773 764 489 34 98 237 687 859 
568 452 790 54 153 717 758 936 116 803 807 360 128 29 487 456 510 126 722 865 
95 557 183 940 494 397 808 134 406 917 170 211 7 802 654 743 101 707 230 800 
890 685 156 808 998 808 856 59 156 978 937 76 54 555 279 60 579 801 686 405 
352 229 516 995 773 621 606 749 186 883 528 643 825 46 885 832 165 567 758 954 
100 871 166 623 337 807 941 571 141 368 602 831 407 789 767 516 57 757 296 177 
821 261 260 832 920 846 840 615 182 914 560 694 342 837 111 357 287 705 952 472 
299 859 310 189 899 197 385 109 363 587 714 154 48 73 922 536 719 108 606 526 
759 905 749 239 426 204 676 684 944 322 986 708 789 328 992 279 156 733 883 591 
508 157 518 833 138 768 129 634 847 226 270 261 771 812 702 724 673 132 575 501 
277 944 601 327 588 200 105 924 899 661 197 418 851 277 634 621 523 240 850 647 
934 119 658 539 783 892 611 926 250 381 718 495 181 613 710 16 287 964 377 205 
775 461 615 149 64 889 958 951 796 603 405 199 463 843 96 336 61 847 324 724 
566 311 987 378 712 279 809 408 254 939 968 762 361 293 777 57 900 235 428 814 
244 183 306 625 223 519 649 886 260 62 576 943 412 810 68 120 391 112 586 238 
634 812 309 722 463 302 210 981 350 921 179 691 83 526 577 365 248 865 349 746 
732 906 920 47 588 438 850 711 897 30 8 419 186 337 338 5 979 614 28 242 
22 389 850 86 226 623 201 268 953 666 268 431 526 497 797 907 438 747 956 935 
70 867 237 271 678 865 725 788 805 503 997 263 301 142 818 62 976 681 980 590 
762 74 677 314 617 101 533 499 387 962 284 601 983 206 247 448 191 276 111 271 
995 759 238 877 882 284 731 404 101 358 832 994 180 538 354 190 373 964 40 744 
170 601 696 541 331 543 671 89 883 890 407 981 303 624 990 555 5 751 437 687 
297 61 566 17 718 872 577 713 627 320 120 202 67 250 561 306 42 894 957 664 
925 19 263 631 105 17 79 178 990 79 55 48 421 878 109 835 736 726 363 27 
906 79 691 72 367 627 215 312 668 187 744 358 98 343 61 28 775 377 519 266 
702 636 675 111 256 577 207 335 139 810 464 533 362 371 27 963 509 750 34 161 
226 334 722 154 196 910 923 469 315 290 607 514 12 622 655 523 283 214 26 973 
910 206 135 191 612 75 518 355 405 465 594 314 659 463 465 53 322 64 471 273 
188 859 831 723 177 533 324 956 677 989 87 150 273 57 602 448 734 983 676 135 
48 758 974 422 840 382 206 622 660 981 833 321 787 868 495 868 459 537 281 875 
238 86 262 674 69 570 127 313 667 103 135 135 509 908 759 459 568 651 225 838 
403 205 571 445 663 549 22 334 204 563 560 0 766 906 311 456 681 859 407 281 
808 659 414 292 868 27 269 425 571 510 457 853 358 345 588 572 64 886 262 144 
996 905 999 74 918 63 346 353 501 563 410 873 23 627 848 414 53 826 792 577 
505 184 496 458 574 607 915 887 166 775 341 427 570 692 408 866 349 622 598 92 
537 154 376 937 31 127 430 788 769 851 656 427 955 575 444 317 945 33 929 293 
306 864 580 790 134 885 561 936 339 96 420 810 806 240 208 272 320 31 504 271 
31 245 156 46 200 341 902 39 913 957 670 791 515 249 883 178 512 42 275 331 
401 747 284 282 171 725 155 6 235 660 302 662 168 217 789 763 912 816 214 336 
230 389 986 868 522 475 273 943 536 789 565 659 902 521 782 461 273 345 361 756 
815 316 639 634 819 573 627 929 996 554 684 95 422 327 156 269 213 300 128 380 
351 117 953 785 210 808 858 403 295 972 778 162 565 216 220 803 400 186 406 689 
747 321 200 845 99 677 733 65 638 469 478 354 949 545 229 829 854 754 575 571 
501 239 558 423 147 97 638 888 639 64 670 906 157 103 1 522 948 638 774 49 
77 175 940 208 328 499 618 238 521 182 118 142 467 680 125 228 619 605 299 17 
113 975 394 541 146 331 448 165 130 778 69 805 200 288 18 623 802 698 384 413 
363 900 559 91 546 128 638 57 37 374 267 959 405 360 596 274 795 421 557 294 
956 729 610 708 841 434 800 223 994 694 527 81 157 395 554 107 401 16 994 645 
79 482 192 658 643 417 258 576 880 469 928 998 978 955 431 623 832 916 797 503 
609 407 782 459 909 141 415 285 8 374 57 752 891 995 144 697 804 484 101 175 
871 787 513 77 60 520 66 973 859 789 571 599 358 821 855 322 558 57 270 58 
888 764 499 699 8 424 13 533 407 959 117 129 634 671 919 666 915 320 485 671 
844 791 104 592 265 752 256 935 429 47 902 802 640 416 424 526 199 497 805 798 
748 844 265 443 264 865 339 846 494 83 694 421 98 105 965 666 202 616 394 122 
316 464 216 300 408 92 439 600 855 622 184 763 204 434 243 456 713 329 853 336 
366 137 437 718 630 667 609 412 818 894 21 426 402 338 700 209 113 383 657 10 
832 958 632 108 462 929 17 990 934 471 661 265 105 874 428 546 143 325 614 63 
536 664 320 720 871 222 730 592 753 17 694 403 147 116 284 386 986 56 756 893 
38 915 315 865 138 287 649 682 733 447 370 794 628 375 213 131 996 580 801 922 
643 482 366 684 46 149 627 93 552 913 668 342 530 502 486 311 126 198 822 926 
960 545 462 886 911 236 122 276 48 861 299 542 404 937 529 549 867 98 38 60 
785 659 160 465 144 518 968 419 119 265 633 333 545 651 58 259 512 125 512 866 
459 959 654 205 902 72 6 181 714 683 709 832 548 286 682 181 778 237 671 647 
404 742 811 520 903 478 910 776 567 684 511 566 590 756 723 838 384 175 359 92 
314 376 488 288 554 922 344 739 488 377 396 88 117 951 747 358 610 720 194 406 
829 455 54 832 960 810 250 242 875 364 650 515 91 561 110 21 290 223 603 570 
24 876 990 17 170 810 179 208 939 218 669 60 593 744 511 447 785 667 26 857 
941 128 448 474 165 143 360 727 324 214 579 203 68 116 495 808 788 841 737 990 
89 637 217 754 395 526 288 379 978 317 501 298 464 715 521 784 49 400 215 277 
536 981 896 421 996 699 301 549 275 627 862 415 421 479 604 914 924 536 762 694 
610 738 241 822 868 813 676 750 486 438 233 647 47 213 449 497 110 440 617 897 
941 584 194 915 757 74 415 370 339 648 813 941 681 585 703 556 656 103 690 236 
612 199 558 526 128 199 871 263 340 371 843 987 180 728 413 252 83 356 425 130 
648 29 825 467 888 730 391 573 876 399 844 128 492 685 528 706 291 521 995 574 
613 972 427 61 463 675 631 671 774 551 460 539 171 983 381 101 86 29 233 816 
120 351 384 37 117 575 525 386 593 901 459 774 18 938 241 996 271 337 999 447 
975 794 766 653 5 110 339 6 827 18 276 102 525 669 62 897 711 228 591 175 
705 585 335 305 34 416 740 851 163 226 406 641 685 972 408 631 325 610 57 60 
823 985 386 959 74 435 904 133 354 526 116 553 539 727 737 21 141 299 269 319 
11 222 940 576 600 887 338 273 84 748 864 471 251 130 617 250 759 792 132 496 
359 492 380 175 856 238 743 410 675 164 988 739 463 269 497 362 881 858 396 93 
545 922 592 401 678 405 74 551 420 715 244 691 429 902 481 105 959 933 402 913 
437 267 249 85 248 375 405 367 311 117 773 937 820 829 808 103 369 442 516 7 
674 550 702 749 733 516 706 512 928 694 570 529 922 152 988 509 637 149 31 985 
138 880 247 829 261 997 818 324 514 626 57 242 680 168 707 191 830 238 390 508 
460 696 535 747 786 276 724 36 214 565 945 165 306 811 16 434 301 555 428 829 
3 483 695 216 679 345 498 96 280 492 526 76 489 19 89 615 614 773 171 634 
108 897 753 813 384 790 865 823 219 229 719 645 884 62 248 63 222 385 285 265 
963 615 458 841 802 271 295 436 917 68 551 838 758 15 496 929 171 682 466 709 
767 813 435 122 363 860 722 330 637 960 474 826 296 229 418 370 956 428 419 539 
903 498 585 665 916 393 21 233 395 261 306 444 82 698 128 100 650 820 941 199 
564 574 282 394 318 567 221 336 593 530 763 275 941 614 737 234 879 797 610 4 
409 824 67 787 539 339 317 908 41 101 83 727 956 563 357 146 766 150 572 818 
128 985 832 789 94 415 662 306 486 365 813 778 564 812 243 675 362 562 27 970 
830 81 515 681 76 96 155 977 534 176 296 306 825 266 401 712 354 655 137 584 
657 64 687 116 605 183 451 379 319 486 18 429 475 583 884 397 733 939 331 112 
448 830 567 693 957 443 448 469 106 765 755 645 89 462 256 370 202 347 195 884 
491 367 786 990 591 414 495 157 45 925 511 262 331 977 449 981 875 117 755 508 
733 161 994 937 324 423 48 611 725 390 99 278 965 757 563 844 491 832 308 646 
910 487 125 164 328 696 360 114 243 329 539 68 243 170 990 851 149 179 95 8 
701 386 602 824 214 808 853 976 182 540 563 427 72 655 806 346 350 50 834 675 
502 109 520 110 108 874 465 883 729 26 396 448 355 622 106 658 181 504 127 394 
64 458 691 234 49 759 922 359 701 553 529 889 403 627 458 921 425 336 721 243 
474 396 688 380 838 834 521 93 426 429 594 897 1 258 477 675 443 261 344 12 
846 164 219 620 778 882 776 814 57 765 256 473 103 481 979 971 230 973 952 81 
53 231 966 5 250 756 289 999 862 155 218 136 480 827 264 138 4 937 708 52 
957 119 380 525 952 609 781 486 772 209 86 445 943 390 227 799 298 289 151 398 
528 336 118 356 459 702 218 126 0 690 220 764 76 575 758 296 62 940 270 909 
934 925 501 954 287 522 24 151 26 103 671 935 907 460 661 319 31 93 912 902 
230 172 713 797 990 757 245 785 624 467 965 15 47 185 123 247 126 772 583 420 
240 431 113 547 78 87 199 394 909 128 601 427 239 943 395 24 275 505 979 633 
71 244 820 837 436 805 233 605 738 882 326 991 446 489 556 113 898 841 52 812 
500 543 894 68 881 699 674 877 596 108 286 424 681 465 521 966 823 282 535 484 
253 966 414 807 76 406 505 386 766 642 43 758 605 826 519 834 23 664 997 275 
384 68 543 613 744 80 261 483 87 326 13 979 343 430 279 301 489 60 280 526 
394 314 502 208 719 449 556 908 142 198 13 931 695 643 782 65 395 715 271 259 
108 634 611 290 990 284 553 929 973 781 857 100 806 209 723 929 266 797 972 579 
960 725 874 812 282 231 923 747 547 752 449 191 623 583 320 331 724 135 907 938 
976 344 564 780 339 47 43 946 366 772 88 78 812 269 468 679 824 218 701 108 
191 481 729 430 831 531 790 883 848 654 982 369 410 508 848 951 104 380 461 538 
300 424 113 511 42 919 187 547 697 739 510 163 95 717 784 689 860 287 251 373 
51 115 155 213 116 715 743 101 294 592 323 314 275 551 69 851 75 129 158 225 
670 74 324 641 340 644 254 400 767 876 592 399 492 389 303 558 558 156 471 125 
411 132 99 601 195 171 172 788 646 884 15 777 741 22 776 374 853 278 819 554 
535 537 52 665 947 876 277 982 966 935 305 328 737 582 606 520 125 978 456 882 
499 73 124 58 769 65 850 601 34 467 591 400 76 189 225 820 201 880 964 83 
430 908 404 654 632 56 92 215 823 422 839 796 995 878 54 413 375 130 881 739 
667 891 721 745 999 274 821 616 348 769 219 21 269 379 818 686 230 568 541 853 
212 630 827 675 501 85 949 281 809 897 95 75 545 62 98 886 303 143 441 748 
334 975 99 677 660 868 177 952 749 896 745 394 673 178 578 230 233 308 384 287 
246 726 66 306 539 92 578 143 452 364 37 784 879 530 236 723 313 343 2 549 
948 951 927 520 752 162 604 886 648 997 672 382 327 194 491 999 66 925 521 859 
839 721 681 702 710 298 926 622 31 220 933 285 900 708 48 4 152 821 307 171 
585 431 166 775 82 859 186 667 316 105 23 170 14 749 564 115 707 512 737 95 
75 667 194 375 988 513 109 345 42 381 902 788 124 258 416 465 241 194 87 926 
99 473 451 237 460 131 232 50 222 698 508 885 407 532 201 604 372 5 75 61 
749 818 28 82 426 654 247 709 228 191 481 103 463 235 142 708 118 528 883 401 
456 217 48 529 146 880 881 3 525 192 653 232 297 250 142 36 962 699 682 19 
857 755 313 326 71 665 168 790 94 357 534 8 384 566 365 818 572 757 123 941 
765 378 282 427 334 550 124 43 748 233 555 234 410 4 111 740 595 401 105 716 
651 178 89 816 62 768 43 801 198 893 399 193 655 235 673 6 45 806 670 134 
112 768 360 915 95 812 755 521 787 149 265 437 517 303 339 945 91 214 330 85 
927 230 765 176 368 267 507 352 933 786 131 518 159 576 402 413 278 729 549 324 
943 211 464 770 813 261 430 922 614 130 513 535 591 930 933 250 322 578 200 106 
734 475 677 506 608 65 953 873 25 525 845 678 904 189 485 715 122 26 624 380 
623 571 618 39 487 136 502 646 780 801 208 467 881 607 666 587 187 939 253 927 
792 415 650 519 590 818 617 599 956 24 770 894 351 424 403 276 534 903 121 701 
318 238 650 356 197 832 739 657 169 39 813 997 33 599 861 886 463 898 188 6 
220 661 372 913 876 411 597 647 116 41 862 462 289 954 456 252 202 548 495 483 
673 731 650 302 830 724 190 299 533 61 422 546 281 27 54 293 825 387 199 111 
313 805 149 618 124 382 520 428 345 69 816 242 828 520 748 776 190 888 773 847 
119 539 350 848 435 728 791 529 899 200 715 189 366 667 758 960 31 552 475 876 
769 690 4 517 608 207 59 452 354 938 794 562 854 628 510 339 907 750 681 525 
44 138 847 353 674 547 353 225 531 562 457 379 778 458 717 533 767 959 343 81 
417 634 860 347 680 224 868 161 80 132 170 594 51 481 340 402 102 813 717 789 
991 571 105 281 605 567 961 153 368 7 792 208 475 720 932 51 320 823 201 554 
34 290 363 688 792 645 370 624 673 353 987 131 19 642 493 415 409 960 401 418 
556 953 869 632 16 924 90 625 803 217 717 711 546 392 179 630 148 647 689 868 
107 967 651 211 72 369 267 637 46 29 516 240 714 924 775 946 457 887 766 430 
243 334 664 919 782 590 196 421 310 797 945 702 284 904 853 327 149 711 276 827 
300 614 444 938 842 184 214 534 909 999 744 466 527 167 257 420 377 180 108 468 
319 776 361 21 781 162 320 180 26 924 336 423 116 307 903 241 485 828 90 267 
644 333 999 676 623 2 217 779 352 746 196 52 453 329 594 210 333 422 670 885 
95 400 70 820 901 380 38 980 962 18 115 41 631 714 789 340 276 33 232 55 
965 16 628 861 74 30 340 445 372 349 637 192 989 59 768 504 456 554 41 700 
441 745 432 545 765 108 24 684 309 746 262 93 95 470 924 990 390 593 727 157 
259 821 310 797 955 725 756 452 275 299 528 816 98 369 226 491 870 541 505 801 
90 231 3 768 854 804 28 175 847 488 459 338 281 632 897 965 482 518 867 663 
784 0 930 385 190 83 882 846 699 643 847 198 532 639 887 206 979 627 163 562 
743 325 903 701 654 92 957 904 905 390 133 161 103 794 337 102 284 605 285 371 
163 336 92 552 626 257 313 95 205 297 979 164 150 775 701 286 523 427 476 229 
872 893 858 996 511 263 955 840 493 328 598 82 406 219 94 882 140 135 490 612 
356 160 474 176 218 878 995 852 959 380 484 197 39 644 82 238 216 208 577 343 
471 172 180 554 197 339 598 146 922 224 290 189 25 934 769 428 877 737 666 488 
498 839 670 935 679 393 580 751 122 342 882 298 956 658 662 315 767 498 236 712 
365 772 625 353 195 397 871 392 134 522 329 1 532 443 74 516 303 421 865 888 
525 432 672 962 460 904 413 758 508 407 224 54 405 395 142 353 10 468 838 717 
542 768 338 528 454 282 624 115 271 377 489 560 722 621 97 70 573 328 769 459 
509 530 666 585 288 5 227 460 79 818 684 155 963 843 547 924 48 427 831 85 
488 739 900 936 633 39 199 463 433 480 106 857 784 11 17 827 344 650 766 971 
169 801 474 401 576 948 549 838 560 862 865 185 169 821 658 440 104 565 368 388 
720 978 999 577 743 978 622 244 676 906 616 973 744 752 160 255 562 345 672 478 
864 324 244 281 74 766 450 55 681 991 117 502 192 269 298 570 794 7 178 172 
932 485 137 811 660 223 582 463 723 435 516 771 295 763 73 410 276 318 541 254 
371 325 77 101 387 400 281 45 968 891 498 585 609 164 424 389 774 446 163 870 
866 378 649 206 653 44 111 790 622 284 163 300 271 791 2 352 920 717 573 2 
993 636 753 638 210 549 615 562 29 869 217 271 647 775 606 526 595 551 240 741 
808 74 748 482 12 365 994 136 184 699 694 696 293 931 766 121 319 81 508 283 
138 692 174 560 731 448 732 500 8 349 690 990 74 695 536 112 82 935 46 668 
418 890 971 407 917 985 176 699 65 569 944 223 436 27 51 809 629 895 804 919 
708 948 47 674 437 219 734 757 433 837 270 341 870 434 166 208 680 148 48 211 
655 115 499 383 187 738 288 499 861 138 99 600 904 846 781 105 760 550 752 545 
178 927 594 954 868 771 845 891 254 294 262 906 305 425 485 482 887 602 372 214 
796 339 172 151 267 753 252 162 916 192 804 862 124 974 137 180 53 709 777 343 
8 205 354 135 848 570 717 33 889 913 985 249 345 720 542 435 397 63 638 973 
623 250 307 577 239 728 69 866 840 657 234 173 773 651 211 195 355 149 749 339 
544 112 853 469 196 803 232 572 55 918 770 236 612 122 180 125 956 391 748 733 
726 85 456 549 5 383 306 21 746 900 99 962 596 928 129 217 886 779 467 476 
928 144 831 820 224 577 849 959 330 377 815 677 749 530 490 126 161 64 304 422 
486 854 328 483 718 463 549 942 726 832 279 848 936 780 894 776 45 447 472 562 
417 88 869 465 263 665 50 120 551 112 147 614 350 411 428 744 277 111 969 499 
340 50 668 651 624 82 847 21 274 933 411 436 666 834 792 42 164 224 118 468 
722 622 739 988 122 35 966 913 801 943 364 617 664 353 833 98 463 290 2 118 
119 297 600 573 916 681 118 223 658 9 719 202 607 442 266 808 970 790 408 109 
515 710 832 736 411 189 783 200 389 788 254 33 101 637 639 526 775 140 41 233 
499 186 772 73 376 564 334 748 71 572 24 781 570 918 587 631 140 142 727 987 
266 248 620 142 51 880 402 871 940 939 799 935 519 989 775 626 52 268 137 349 
376 109 55 401 46 286 198 255 188 628 607 515 351 254 773 462 881 553 31 439 
106 486 289 138 324 481 190 428 660 746 753 870 454 961 13 160 951 446 888 199 
201 895 175 866 595 374 430 649 511 786 872 87 361 940 526 218 604 861 451 304 
614 407 383 901 647 57 841 578 454 318 467 464 373 24 81 373 415 624 506 766 
942 2 3 462 489 679 112 30 822 91 260 870 260 873 578 442 613 619 525 664 
186 430 93 689 976 157 779 935 617 237 960 54 486 993 313 237 435 223 301 535 
523 34 289 533 406 753 12 670 784 704 15 986 708 134 584 923 57 575 695 165 
939 659 407 88 229 615 585 572 838 378 702 564 794 850 484 653 483 568 243 401 
670 505 304 599 739 390 338 622 744 855 523 10 581 20 584 389 109 92 181 186 
35 633 43 430 35 531 987 456 155 356 416 90 865 740 48 584 159 447 643 577 
709 939 160 900 133 734 811 117 837 944 659 55 984 924 636 780 422 205 984 883 
246 71 795 66 201 267 711 348 848 231 677 828 168 301 5 59 885 827 832 71 
670 59 316 180 415 171 984 903 980 760 625 905 741 647 300 368 124 237 724 252 
543 351 430 985 418 316 964 968 53 377 975 459 942 157 488 353 376 743 873 798 
508 220 31 47 86 470 434 141 92 401 257 216 443 704 784 829 531 655 443 899 
547 842 151 130 767 254 943 853 681 222 277 34 119 442 361 792 124 906 823 936 
409 113 980 415 676 328 505 787 889 824 51 379 441 197 698 340 105 503 720 521 
308 642 221 891 235 880 745 482 924 5 209 946 153 556 534 585 299 249 946 225 
958 462 436 729 966 633 534 752 690 886 365 453 625 249 920 520 826 519 45 413 
184 566 457 771 718 210 599 952 527 705 114 79 977 737 446 292 587 488 700 135 
805 684 388 768 230 277 408 714 172 248 630 442 63 533 551 650 807 459 54 761 
808 618 835 998 731 417 968 901 391 153 123 200 39 314 574 610 349 405 835 208 
95 481 604 681 650 138 826 0 901 447 516 55 983 427 355 270 619 870 324 948 
698 628 85 300 833 719 139 380 438 760 475 307 733 540 575 33 960 525 276 108 
558 990 410 128 283 483 507 54 513 296 872 80 988 969 984 659 868 978 874 38 
111 920 254 794 766 504 119 891 401 822 707 903 421 664 54 68 708 356 475 918 
901 727 709 505 134 376 573 676 904 5 237 567 146 212 917 558 720 820 83 974 
613 837 816 488 367 181 345 988 882 597 867 840 816 796 131 384 239 34 260 160 
11 775 490 904 782 412 327 127 365 74 516 723 629 130 187 608 126 782 610 488 
590 438 338 201 65 197 241 205 336 109 501 22 575 95 330 616 420 744 6 972 
84 73 274 906 712 710 988 878 737 377 987 727 847 631 202 492 536 459 113 479 
79 682 712 351 523 375 493 456 618 648 824 670 502 833 645 242 751 263 42 859 
16 639 274 121 830 536 657 911 662 479 249 975 126 354 588 410 560 622 683 736 
171 12 238 204 858 130 421 779 560 230 990 215 860 841 312 880 642 337 952 762 
954 215 498 716 757 867 250 800 5 676 107 23 492 709 360 503 168 572 897 823 
957 500 360 785 940 389 677 465 779 363 527 758 700 461 372 287 947 718 402 64 
186 905 710 213 463 825 422 294 760 671 642 467 846 639 104 818 8 221 681 599 
505 156 405 251 733 607 422 296 903 388 404 155 975 349 173 155 659 129 471 322 
739 931 888 298 129 737 686 665 361 872 139 96 173 477 964 768 964 111 402 70 
156 500 200 361 861 345 909 257 280 374 749 130 56 528 443 458 336 561 762 623 
606 245 604 188 598 839 234 710 385 796 102 34 535 197 853 449 339 291 609 950 
991 758 542 975 440 934 779 579 994 558 107 628 895 542 365 972 60 128 64 884 
461 317 747 331 962 305 780 756 450 956 928 691 383 466 795 985 697 686 944 854 
488 930 314 719 692 562 444 32 232 522 958 739 39 628 369 129 53 631 589 97 
80 941 793 423 744 595 571 695 413 454 417 962 665 92 631 648 6 937 369 975 
713 643 540 898 511 48 200 926 654 663 400 857 127 908 565 419 987 528 288 514 
484 208 183 145 69 140 658 40 924 899 406 666 799 29 785 858 509 729 975 936 
239 641 525 131 335 658 644 439 791 24 712 25 884 282 730 128 637 154 115 159 
311 512 89 528 947 967 23 755 818 655 168 167 975 717 860 888 222 752 934 266 
156 365 269 221 599 310 514 433 767 894 609 908 110 672 156 242 76 729 236 668 
925 178 753 884 959 27 956 504 622 653 539 245 619 278 733 197 229 290 262 604 
22 640 333 136 41 339 845 511 730 962 993 14 471 411 675 911 981 691 414 458 
911 120 66 439 338 171 465 762 612 56 440 209 887 584 367 26 904 841 132 296 
221 140 981 152 567 136 918 559 995 277 26 942 311 283 396 473 636 972 248 60 
438 503 246 70 780 366 143 707 276 339 35 117 182 342 778 83 941 666 665 701 
649 265 632 790 56 565 377 226 62 753 452 410 170 663 617 574 580 147 981 947 
348 823 1 981 12 936 310 678 97 913 838 928 750 424 495 167 689 526 825 603 
330 106 795 309 121 96 225 823 559 997 552 385 784 350 981 457 504 202 395 522 
316 390 395 393 34 432 233 724 67 254 364 67 311 303 654 588 378 962 13 250 
918 205 650 373 97 345 968 600 377 637 663 767 493 671 729 39 469 186 812 443 
125 973 282 35 573 64 989 24 805 789 663 542 320 812 417 832 878 62 618 491 
47 487 938 508 300 702 272 531 112 567 553 484 39 203 674 19 613 93 416 32 
114 169 53 643 821 0 422 626 727 55 395 769 90 145 326 249 954 490 191 860 
786 901 200 416 369 832 837 18 622 79 366 669 562 526 104 523 174 475 512 258 
557 11 730 563 779 523 121 600 750 106 624 739 707 198 80 447 148 580 339 289 
185 852 929 398 716 348 704 940 826 388 961 641 359 681 792 793 545 982 205 878 
992 760 441 208 252 985 107 656 559 463 716 415 580 766 543 324 689 27 245 910 
617 802 927 327 669 419 254 634 284 328 576 742 600 955 323 794 259 701 383 67 
490 402 239 933 553 851 537 727 368 484 854 10 852 71 619 507 568 640 521 54 
53 819 355 21 503 563 846 50 731 540 61 810 214 611 222 474 240 125 54 222 
257 469 164 536 994 458 669 781 679 592 740 814 67 694 781 958 708 984 162 319 
361 605 181 187 242 372 175 623 703 50 664 906 868 871 776 343 971 675 61 158 
242 891 558 626 238 408 448 431 0 290 623 970 7 752 439 910 702 331 347 60 
704 540 285 442 26 107 792 543 567 954 131 518 969 217 358 297 175 99 834 960 
778 313 316 859 220 517 578 564 499 738 258 952 162 490 423 439 634 728 588 42 
335 439 102 916 189 850 261 124 413 654 772 475 914 21 602 401 713 188 768 140 
312 367 163 956 462 244 468 680 372 349 974 765 682 490 783 281 5 366 659 195 
880 641 982 773 896 678 809 268 893 965 527 271 669 900 288 55 147 362 469 518 
232 652 796 363 249 683 407 716 66 245 144 853 200 843 0 369 989 916 769 925 
864 800 728 765 643 80 359 258 921 851 289 17 287 452 871 578 66 578 19 198 
866 728 348 234 230 262 553 340 768 431 817 92 122 94 131 69 617 178 145 292 
953 473 914 880 617 92 519 642 632 184 558 647 679 957 566 963 681 882 187 249 
890 520 491 512 860 693 79 736 983 908 310 214 569 132 982 684 380 54 564 812 
600 419 79 550 321 373 440 992 730 829 564 222 249 309 365 954 965 894 341 261 
750 973 93 335 27 250 950 180 50 881 798 368 788 260 989 876 918 17 272 224 
712 520 469 99 127 528 216 210 717 514 502 549 700 213 936 224 511 932 930 761 
410 949 748 613 243 292 585 696 448 991 639 428 195 51 342 593 44 199 860 863 
861 279 264 608 164 68 549 241 668 266 386 690 253 466 216 644 405 153 747 258 
359 769 852 323 371 198 438 56 366 716 313 753 68 367 988 621 547 738 845 769 
538 252 901 944 985 241 736 44 875 861 779 916 713 886 729 654 129 258 135 247 
239 70 94 977 170 472 617 948 803 96 8 449 89 179 181 834 256 680 813 958 
252 719 32 196 888 477 820 493 284 669 463 335 886 780 996 191 696 204 217 518 
427 308 726 712 986 477 48 81 98 488 222 785 992 174 284 802 500 512 646 631 
348 161 807 359 308 272 243 306 333 154 970 507 995 375 655 783 588 564 679 349 
14 737 709 182 15 428 893 311 547 22 767 421 994 836 135 304 816 265 99 491 
233 594 949 890 92 898 186 837 647 838 369 637 356 564 288 365 170 896 108 403 
271 175 711 470 589 856 71 257 570 79 332 473 172 548 810 892 917 307 216 147 
612 613 304 890 556 471 408 37 0 906 528 5 759 667 206 642 661 987 590 483 
203 98 142 237 695 719 97 537 678 100 145 241 858 952 18 691 287 260 93 694 
442 306 107 845 876 330 555 595 435 55 790 118 729 74 768 22 665 797 473 560 
664 907 109 134 457 366 401 497 68 329 799 626 127 624 220 365 564 524 495 543 
61 27 885 705 942 823 419 861 715 686 187 105 938 658 980 170 409 585 995 707 
731 680 486 606 615 604 58 106 546 513 266 654 622 855 444 965 410 761 575 810 
868 200 912 653 412 111 365 183 339 16 929 58 116 144 617 205 930 438 934 327 
387 857 380 657 355 707 690 489 548 368 452 716 76 908 134 628 7 396 377 26 
638 587 682 998 680 384 393 245 721 534 48 850 897 949 781 72 734 199 665 510 
548 493 698 148 987 594 997 861 490 936 864 582 555 370 928 846 887 130 518 110 
99 52 719 979 499 547 452 906 86 931 295 435 914 278 304 233 178 722 463 289 
405 291 178 289 569 957 617 563 279 477 896 673 105 65 853 587 625 708 115 959 
740 951 398 545 231 5 159 124 616 509 914 791 608 549 639 539 552 620 126 516 
178 353 239 830 937 859 8 490 324 89 224 57 646 755 372 296 90 248 959 996 
269 81 319 120 500 702 70 821 840 80 415 714 751 518 690 36 493 708 329 911 
115 944 972 277 991 823 273 247 931 417 368 282 962 88 534 667 560 502 569 111 
394 807 332 572 175 796 666 236 597 330 848 947 902 363 54 262 580 315 975 670 
203 54 18 974 982 320 999 769 813 837 430 408 173 186 844 915 704 379 319 397 
999 895 485 869 598 497 136 138 455 144 4 174 969 465 348 15 81 323 42 866 
826 659 686 737 762 354 273 670 677 756 537 48 381 553 207 54 658 865 920 57 
47 900 10 311 301 625 231 213 868 624 878 805 479 288 176 145 207 661 289 246 
667 317 480 436 119 906 176 821 386 53 311 732 716 625 223 505 584 269 276 330 
182 126 309 75 196 341 638 705 718 604 989 851 868 983 275 138 979 769 366 363 
630 476 717 363 55 877 764 354 512 271 896 683 791 559 253 107 482 800 150 280 
199 968 284 172 479 507 20 450 195 174 410 280 247 918 282 941 279 130 640 797 
328 798 942 619 624 258 519 438 384 715 457 223 712 216 208 2 548 7 849 227 
926 833 524 811 476 227 654 947 532 303 445 248 117 154 533 735 536 79 266 243 
494 964 807 214 19 27 447 772 900 205 99 582 493 978 811 373 30 315 216 188 
191 835 121 227 209 939 756 890 79 326 544 643 717 29 256 116 807 763 507 627 
902 579 146 418 911 985 497 253 236 462 857 961 22 80 37 896 11 353 972 34 
733 519 215 862 268 988 756 657 925 535 546 278 538 283 565 664 356 982 388 380 
430 780 433 353 724 605 145 588 779 660 741 303 139 858 336 67 139 219 834 54 
916 903 309 150 497 763 438 967 700 545 949 89 564 445 304 941 918 962 517 281 
242 261 431 163 400 63 243 763 403 233 684 779 788 643 963 771 385 301 579 840 
512 234 996 661 599 2 102 629 926 151 576 823 511 850 74 99 12 998 232 165 
210 70 72 96 405 979 726 76 517 8 77 978 751 289 697 175 38 57 890 40 
995 620 404 6 939 956 509 90 936 48 647 594 955 905 430 291 96 351 468 178 
818 364 988 406 73 167 875 728 465 820 773 127 302 569 895 493 492 708 545 437 
523 507 951 545 875 980 0 679 420 647 182 60 994 913 335 172 599 538 939 448 
545 561 824 793 181 342 370 820 380 832 958 399 358 657 33 155 524 134 453 594 
258 507 444 883 828 263 952 811 304 60 417 710 181 154 384 39 666 803 965 4 
427 122 796 558 879 992 597 199 229 503 500 629 25 715 254 142 113 158 101 420 
396 299 725 227 125 69 0 352 485 497 703 861 463 968 843 522 296 226 235 862 
631 360 590 935 761 112 427 46 23 638 319 582 780 809 631 118 674 844 719 245 
757 950 730 918 170 828 618 620 673 749 123 200 448 271 371 384 434 144 669 442 
209 111 878 442 983 892 487 680 203 846 628 254 834 139 76 344 236 525 147 44 
768 707 860 980 410 173 531 410 477 781 34 51 164 514 18 399 997 998 604 848 
96 42 480 938 924 489 590 178 427 179 188 401 575 155 631 307 861 834 493 234 
945 205 467 1 930 685 786 110 743 326 807 663 818 2 835 649 4 406 544 637 
57 46 238 164 941 668 972 460 384 87 883 803 894 282 263 827 858 529 127 791 
68 524 344 877 144 357 453 228 137 748 258 576 517 677 528 524 179 968 75 592 
411 594 363 619 5 858 608 706 612 247 330 145 748 456 583 113 626 571 366 307 
387 586 11 492 976 226 564 466 64 294 716 798 918 157 334 210 421 231 36 453 
865 941 576 437 487 434 244 868 664 940 805 309 978 439 597 289 680 676 816 998 
460 566 791 47 426 102 932 129 678 912 437 829 904 245 628 186 918 986 398 581 
435 896 811 915 295 813 766 278 656 844 493 151 767 688 851 947 766 127 492 416 
776 861 353 929 793 158 445 401 368 624 774 565 658 399 624 61 186 659 87 644 
237 912 307 213 474 476 265 513 850 759 160 670 644 22 145 26 141 511 722 417 
