923 596 870 685 923 469 377 644 734 419 360 518 223 365 540 637 447 192 767 165 
633 697 127 482 399 412 882 780 259 630 482 338 90 968 811 437 262 429 42 791 
60 878 209 499 622 835 80 174 401 822 70 262 553 907 849 282 451 466 994 987 
699 584 52 346 112 26 326 802 509 347 951 630 961 249 922 622 849 659 186 910 
924 557 248 248 344 200 146 260 187 211 494 708 412 734 752 413 219 425 176 851 
31 313 408 747 111 259 668 343 194 91 514 142 930 767 764 618 174 727 220 78 
344 936 871 440 639 90 213 531 397 175 529 272 563 845 204 118 4 829 254 663 
312 892 975 21 242 98 259 949 43 914 989 98 568 353 789 221 914 395 860 620 
613 634 728 993 371 968 691 717 746 927 129 429 923 558 506 467 900 623 476 591 
320 383 933 304 493 990 479 637 142 432 141 761 979 283 989 559 390 978 479 842 
959 408 148 497 115 89 298 24 391 766 640 978 899 567 789 142 197 31 422 352 
828 650 527 497 359 490 937 521 316 138 197 92 949 18 576 803 504 453 104 933 
957 303 774 318 814 98 852 526 514 11 897 572 2 305 515 765 601 974 836 512 
445 450 504 156 771 851 317 828 842 889 932 130 285 897 615 897 159 344 908 759 
419 819 665 51 602 853 624 964 233 577 357 475 209 416 77 417 160 356 146 363 
713 374 277 941 975 566 539 549 632 177 994 306 408 999 821 621 859 789 631 654 
231 257 581 130 800 45 855 491 70 637 784 745 997 620 731 392 148 212 561 417 
760 740 480 94 657 679 406 888 836 275 871 91 555 327 691 509 315 313 332 619 
900 614 822 388 478 75 607 738 370 92 569 190 902 611 222 979 558 107 100 6 
967 813 169 692 381 987 584 493 376 467 260 968 34 863 493 718 700 922 241 555 
658 813 165 867 484 404 868 745 719 418 686 510 979 804 372 32 333 788 260 201 
512 189 417 938 304 311 204 7 112 619 760 724 244 873 50 992 65 703 552 569 
196 102 429 873 968 688 658 688 484 404 894 601 12 733 832 553 758 7 4 70 
688 820 85 444 809 654 571 422 733 366 973 858 29 997 160 486 862 408 384 858 
888 161 766 438 298 788 331 70 660 119 813 267 774 990 624 915 15 358 246 323 
712 680 81 949 938 600 656 213 653 878 776 672 819 668 101 535 628 546 762 600 
723 703 494 270 312 257 39 730 976 71 235 410 58 508 620 801 395 758 332 998 
933 744 10 722 227 725 763 260 320 703 229 23 873 863 15 64 544 789 93 944 
18 537 571 704 355 379 592 606 785 905 477 866 894 695 821 990 50 252 488 526 
296 690 395 76 255 894 754 407 309 489 496 773 687 550 998 775 91 861 250 716 
10 127 90 616 792 83 970 926 438 217 954 92 75 445 412 958 462 677 260 910 
46 998 289 362 205 325 827 270 51 490 181 180 119 865 508 593 716 68 473 370 
993 11 180 958 472 870 457 566 68 212 728 186 797 692 463 14 318 429 850 613 
385 73 918 437 681 679 475 755 888 777 369 392 762 147 660 205 673 374 498 418 
331 387 219 469 897 219 875 265 913 15 429 541 542 620 96 159 174 249 678 768 
525 76 258 690 777 721 690 760 461 100 294 36 257 906 208 462 514 659 100 44 
630 659 634 333 107 409 65 411 832 143 142 216 284 331 461 423 54 485 815 559 
148 466 558 563 768 128 341 254 720 900 971 206 557 752 409 885 190 457 737 952 
566 976 834 385 579 415 626 912 753 6 147 82 950 86 865 840 535 535 370 172 
579 29 879 303 766 344 339 798 273 516 513 934 272 557 595 949 964 399 352 940 
786 510 741 890 611 618 744 402 909 725 761 928 827 407 241 815 241 65 415 55 
435 841 585 509 293 278 440 820 285 397 336 915 281 339 294 622 243 380 514 713 
228 115 543 938 728 362 729 383 718 436 38 416 51 426 168 222 191 651 258 988 
992 719 761 245 814 190 909 159 559 36 56 630 43 81 463 3 146 726 38 342 
149 97 248 954 635 229 271 8 973 308 577 295 132 951 604 195 177 111 795 227 
565 148 970 472 818 510 134 930 314 67 657 724 166 40 492 284 226 19 621 804 
399 232 868 52 585 179 561 492 378 806 104 868 870 83 183 255 305 483 583 375 
990 688 561 954 618 145 91 334 768 228 43 169 373 65 708 188 295 923 423 328 
106 330 627 666 451 944 576 619 400 433 472 771 71 166 287 919 567 875 540 344 
965 328 313 127 319 261 848 406 574 513 238 520 567 325 29 979 810 36 124 669 
984 374 337 93 518 277 626 668 63 351 208 331 425 758 766 630 342 701 913 490 
30 244 775 579 883 85 685 249 357 703 292 204 919 978 195 397 122 69 395 175 
600 277 639 158 52 231 530 23 528 80 470 0 407 147 130 713 388 27 771 228 
258 489 567 184 982 271 630 284 42 94 202 114 356 245 16 698 582 427 454 881 
878 216 656 809 745 223 654 291 636 150 713 978 587 209 462 498 469 164 633 665 
968 335 374 317 257 199 163 438 119 762 714 940 681 347 854 636 916 280 492 144 
161 112 269 573 711 416 280 961 589 384 909 996 723 354 335 310 913 970 314 338 
831 924 741 329 367 762 785 674 928 325 508 728 181 383 375 932 597 399 814 317 
764 316 729 278 194 373 998 783 915 744 338 974 487 569 456 407 354 173 809 497 
318 336 661 964 895 628 840 288 47 948 648 7 172 464 310 358 871 657 763 887 
70 591 749 235 917 856 339 926 40 108 997 924 756 95 631 467 183 791 648 880 
692 591 925 630 667 683 507 92 73 437 126 935 868 400 235 16 786 682 661 871 
739 751 222 384 443 51 891 245 677 776 422 28 532 826 742 250 787 951 817 648 
416 219 301 398 12 714 124 293 895 679 414 849 513 869 371 319 716 228 705 2 
920 999 426 132 327 187 754 556 355 362 912 275 420 473 67 444 726 967 615 587 
338 983 151 164 876 887 365 248 742 314 288 139 747 603 334 369 509 412 178 467 
339 133 567 532 901 176 918 937 842 405 852 497 277 466 680 817 787 581 371 467 
984 805 489 215 595 245 455 690 807 507 182 295 691 600 735 220 275 504 910 670 
248 933 84 399 7 735 368 967 190 311 894 352 44 628 339 719 193 541 280 432 
779 448 261 49 578 451 775 754 255 209 661 826 977 807 967 750 887 671 536 470 
245 861 846 360 817 752 199 66 717 923 631 402 818 717 167 431 386 494 688 94 
455 707 968 286 579 403 332 549 111 354 367 342 24 598 546 187 799 881 149 136 
23 175 812 24 684 296 141 308 178 656 577 744 20 685 730 160 751 449 884 572 
470 136 230 296 351 244 491 375 85 919 596 433 952 736 464 498 434 139 519 701 
771 754 27 753 231 336 864 650 478 560 734 443 52 337 589 971 34 173 512 14 
605 42 436 694 326 168 403 337 490 932 356 868 659 956 726 248 126 820 245 724 
118 473 635 563 81 316 627 936 25 346 154 735 350 697 126 46 114 845 84 828 
342 172 501 456 323 782 233 669 187 569 839 204 88 276 746 179 613 867 88 685 
29 610 296 19 912 533 74 313 573 336 372 875 76 250 289 809 923 640 52 697 
884 983 870 916 413 409 637 780 232 52 973 877 964 935 531 352 484 703 319 16 
870 489 2 623 614 136 921 664 604 289 329 163 827 965 819 540 404 736 745 932 
195 672 306 397 199 639 554 768 552 92 550 66 388 111 887 62 707 228 13 988 
492 610 77 603 455 389 190 986 52 936 688 54 516 31 902 527 319 163 470 683 
741 863 855 71 497 291 578 731 939 199 508 909 628 371 491 705 272 397 46 328 
335 810 954 567 348 168 66 706 354 835 791 448 739 607 737 335 244 310 268 707 
725 457 374 716 269 924 400 862 150 870 172 334 140 814 438 441 139 628 662 606 
322 799 668 103 299 723 28 91 661 494 325 384 619 914 605 160 190 509 279 617 
256 191 679 698 875 220 213 723 706 388 809 524 685 623 662 624 539 580 817 963 
227 363 988 465 932 218 214 153 542 485 774 755 128 178 632 742 860 188 686 541 
695 766 883 986 357 458 740 604 413 514 752 37 408 719 906 431 112 984 708 536 
767 334 637 139 133 221 958 553 399 533 746 264 588 210 821 683 233 577 207 178 
167 133 200 331 347 320 598 609 671 333 148 76 448 118 798 177 704 145 538 844 
780 353 849 875 928 282 47 692 889 908 614 562 955 780 90 788 173 976 297 103 
722 425 857 469 457 558 358 589 639 46 44 253 203 470 162 134 394 668 544 95 
421 427 314 980 456 537 605 281 460 381 802 329 207 84 713 876 42 726 992 408 
803 988 939 654 620 221 958 345 428 634 553 595 837 534 371 969 718 218 954 72 
233 120 394 16 903 174 316 847 203 45 617 441 892 75 944 7 663 366 684 125 
141 410 569 593 593 980 256 913 852 144 137 195 268 360 920 667 418 294 828 865 
924 829 956 345 971 74 802 807 181 784 661 170 405 429 113 184 897 871 10 202 
340 139 641 770 253 159 941 866 961 550 662 103 869 276 207 782 630 330 50 638 
772 709 152 718 996 930 32 624 405 197 920 542 957 994 514 147 629 691 889 510 
570 244 261 667 918 635 442 498 367 387 479 316 181 723 526 787 218 355 895 97 
221 535 843 484 847 7 62 840 282 717 835 38 351 953 854 356 167 346 838 549 
972 757 138 586 673 67 558 704 743 646 294 484 665 884 578 821 218 208 378 289 
550 653 28 434 774 524 932 594 160 432 51 301 71 992 635 351 422 333 201 414 
75 252 380 592 42 62 566 959 110 366 49 396 983 35 819 995 377 471 5 806 
426 271 304 364 654 843 65 443 126 928 511 563 550 589 26 389 334 3 654 548 
700 521 680 691 119 982 273 328 527 112 609 807 171 357 534 497 243 872 852 391 
624 222 719 185 104 809 431 772 742 68 795 84 690 681 978 934 405 736 557 585 
960 504 305 573 357 611 780 933 29 301 142 417 275 629 466 88 202 871 284 868 
683 897 653 142 385 589 61 275 809 191 712 999 475 903 445 313 622 1 491 751 
196 395 100 372 353 454 263 391 978 401 64 661 555 322 227 770 690 495 913 564 
978 828 258 808 706 605 868 858 56 382 58 575 832 386 225 565 881 121 31 990 
865 293 508 368 672 991 462 400 339 149 239 576 242 247 50 335 116 874 975 272 
265 500 442 574 89 9 963 774 563 174 97 397 592 948 144 132 97 207 941 241 
134 272 535 16 448 167 353 977 537 709 421 12 3 681 83 762 183 505 322 630 
87 508 198 597 789 734 755 721 342 627 121 44 9 87 320 515 892 198 70 912 
329 383 119 997 5 910 988 398 466 851 871 998 821 909 406 956 154 58 686 672 
134 491 401 105 198 556 139 401 782 762 50 859 757 368 540 771 759 987 646 583 
586 221 362 669 117 511 40 85 678 994 232 608 883 231 286 337 764 909 791 162 
847 476 12 386 379 176 645 111 897 904 880 199 23 599 410 827 311 571 220 205 
489 420 786 153 516 327 688 122 370 580 637 215 493 236 781 302 820 519 954 951 
803 165 691 741 626 939 583 888 652 464 548 550 778 185 227 91 105 914 462 231 
514 503 757 671 113 130 893 30 608 612 706 158 309 1 718 177 305 391 779 893 
138 920 957 663 339 873 460 367 242 714 33 669 59 118 326 570 11 829 523 771 
800 945 238 289 463 693 10 92 805 917 380 113 450 321 562 169 27 572 180 852 
199 101 536 526 629 371 705 113 12 126 951 267 50 436 837 66 529 409 255 77 
239 443 562 212 485 637 648 467 66 873 340 651 697 36 748 201 520 636 117 427 
386 933 402 112 384 581 120 136 219 437 548 572 245 97 526 551 353 186 842 269 
208 338 916 722 206 134 316 407 556 635 506 872 319 514 740 906 584 774 958 843 
462 649 857 562 601 585 959 417 920 712 942 599 109 29 675 259 111 829 297 630 
161 214 842 433 513 253 468 327 108 214 712 692 168 108 95 806 914 506 646 26 
424 777 693 794 722 747 874 614 317 439 922 441 359 798 883 789 354 958 963 601 
707 836 69 650 394 159 510 144 855 803 555 291 395 596 174 733 829 27 560 833 
870 941 528 181 239 10 645 548 209 716 545 495 965 313 206 77 485 570 830 729 
930 317 749 515 272 432 873 73 583 911 342 126 572 127 395 276 255 748 937 247 
358 40 173 626 297 517 91 262 463 461 349 487 778 696 549 466 479 278 456 84 
201 941 779 629 205 677 906 461 160 874 822 885 368 26 679 617 721 896 715 724 
802 304 310 429 799 788 762 72 656 638 224 816 729 630 528 172 699 623 622 248 
75 757 158 86 185 426 72 404 852 794 559 375 957 226 591 104 297 480 757 958 
890 671 356 325 584 994 197 749 732 884 742 230 182 733 54 938 40 576 0 771 
602 898 430 520 63 173 712 378 104 862 926 675 487 195 970 817 943 553 489 816 
970 501 107 542 267 178 648 690 77 699 750 743 251 793 625 230 10 511 371 658 
956 524 148 168 431 72 290 206 421 27 60 219 220 866 500 864 713 900 868 53 
656 372 251 959 912 871 232 433 365 425 365 897 117 563 863 380 992 591 717 788 
393 175 664 504 578 491 42 189 199 514 666 132 122 291 606 300 759 724 826 753 
912 987 672 661 452 42 536 111 819 624 523 97 837 726 2 910 284 240 29 588 
7 837 713 494 497 504 328 261 569 984 543 511 651 388 908 224 655 531 119 161 
80 163 923 287 328 913 109 302 562 632 164 141 784 421 545 331 790 483 265 114 
486 482 312 722 566 174 97 10 559 868 123 187 623 856 238 517 274 701 503 311 
388 773 792 776 474 90 883 835 225 515 976 443 183 555 13 27 785 543 670 681 
757 95 85 76 513 398 963 28 683 797 264 657 650 653 896 430 621 404 775 591 
475 242 125 609 698 43 853 297 492 280 163 751 975 754 261 644 28 910 467 603 
859 640 961 292 452 849 869 422 369 122 524 342 658 726 322 51 673 754 65 796 
479 521 825 740 7 126 1 100 666 864 62 338 242 941 186 865 115 592 742 777 
926 813 227 64 112 616 44 289 42 768 368 252 595 825 240 14 475 530 380 115 
369 84 395 105 568 381 90 879 173 236 724 134 332 245 467 126 923 679 646 620 
343 133 43 554 62 802 167 719 141 952 260 57 299 282 290 393 405 144 82 606 
147 947 358 445 763 922 621 823 93 805 190 114 479 168 394 517 394 714 543 79 
524 414 66 151 831 521 516 929 457 150 57 943 702 318 669 438 155 388 88 147 
605 232 76 462 650 626 444 885 13 714 407 92 280 445 405 388 556 987 409 521 
725 286 240 481 788 525 17 386 349 618 61 787 890 89 881 357 423 835 313 99 
561 538 208 840 128 773 750 384 516 750 784 290 39 250 342 740 39 864 937 176 
711 630 988 53 830 856 588 577 664 787 611 526 660 273 801 946 158 166 60 452 
198 467 258 667 601 400 100 401 765 519 374 168 747 406 804 724 824 669 591 441 
604 513 431 926 848 665 451 347 985 823 552 63 842 681 463 628 137 905 810 375 
32 257 375 339 23 667 541 37 184 712 615 814 307 15 736 292 948 808 62 754 
129 754 233 921 368 290 62 926 49 133 487 198 351 503 933 208 941 405 185 858 
670 360 102 639 670 563 900 775 695 919 177 959 406 165 136 354 144 844 967 160 
495 955 475 103 682 265 911 71 499 811 813 746 794 38 364 636 419 398 163 687 
507 334 749 834 465 769 317 155 58 944 427 706 5 749 840 784 737 439 350 305 
763 119 460 190 516 594 889 373 115 496 486 804 87 973 369 492 552 782 87 507 
142 382 98 789 938 857 203 332 372 273 162 829 396 759 484 140 477 692 268 427 
150 337 621 527 283 412 270 660 748 619 319 826 413 998 811 872 253 128 447 992 
731 134 898 643 894 436 965 174 835 420 501 685 53 904 111 23 695 346 859 74 
966 506 372 921 869 824 271 267 208 682 242 14 102 280 55 755 353 822 80 332 
895 682 533 883 110 150 220 317 603 824 185 319 716 97 399 295 959 939 589 831 
426 70 516 269 757 317 232 790 933 860 957 349 482 37 412 998 514 531 542 128 
39 478 936 986 575 321 575 613 812 80 518 730 131 886 990 326 720 206 206 611 
394 696 283 585 98 630 825 621 986 7 154 872 948 132 439 515 488 842 565 233 
306 335 985 679 843 456 872 911 159 794 624 163 328 512 771 632 465 261 405 352 
613 506 931 125 24 426 430 123 694 59 129 213 771 680 255 931 450 77 161 218 
227 51 311 469 159 461 156 242 981 546 887 872 314 227 767 160 644 351 54 105 
800 646 210 1 749 675 72 592 905 549 417 367 826 527 962 329 911 663 663 328 
336 756 952 404 843 572 582 176 937 324 95 765 248 473 616 507 466 535 515 773 
990 944 154 868 5 431 450 855 440 278 843 266 361 516 615 484 551 211 553 301 
173 577 744 24 773 685 340 805 129 293 609 666 626 766 978 699 333 323 287 472 
667 201 737 358 871 339 605 193 854 553 880 824 914 230 66 809 15 394 238 126 
698 405 713 8 494 326 217 996 56 883 856 147 110 761 409 302 900 319 754 689 
767 278 322 496 862 291 533 128 142 984 350 935 508 143 668 846 176 369 992 589 
872 911 486 392 122 95 946 25 159 208 69 143 140 729 128 461 475 583 560 533 
690 806 810 855 417 203 649 4 554 679 214 240 228 790 840 800 424 73 996 80 
880 576 430 336 652 596 801 96 424 588 131 889 27 950 13 134 728 329 241 923 
106 8 517 868 484 329 63 506 31 767 697 250 439 413 663 294 584 461 942 632 
60 904 943 835 817 542 69 556 961 456 972 50 378 844 394 90 519 920 634 958 
558 523 206 711 964 529 925 656 278 717 102 69 953 716 564 860 396 143 186 226 
316 569 937 377 48 178 759 449 127 75 442 149 455 187 942 335 799 386 323 70 
679 724 394 495 654 864 969 226 92 585 830 15 514 76 712 745 326 275 388 417 
315 658 551 382 769 576 647 155 969 33 599 497 563 577 186 999 163 539 775 279 
369 203 182 652 417 201 979 769 555 63 8 163 75 188 896 737 611 10 553 434 
480 941 137 976 307 878 869 828 696 519 6 139 524 303 525 863 410 591 55 377 
375 46 444 13 615 3 821 142 695 545 917 61 789 864 962 92 349 729 628 391 
149 2 325 237 683 923 856 2 790 944 207 41 794 160 472 458 287 629 312 70 
564 973 251 618 569 512 274 971 730 435 902 791 171 541 36 317 808 376 738 885 
603 378 801 314 116 380 195 215 268 875 758 768 594 357 394 387 474 878 912 55 
555 340 156 60 856 504 620 435 457 710 985 718 579 134 845 523 781 116 437 630 
572 972 962 333 529 731 675 808 74 146 589 328 63 756 645 926 517 450 429 423 
256 709 205 943 660 500 60 77 525 350 120 278 272 506 594 636 642 861 909 247 
687 84 192 84 21 962 882 742 146 525 990 962 428 124 727 392 8 723 270 159 
684 963 113 127 353 411 734 93 339 20 777 538 83 811 250 701 567 48 634 859 
488 455 936 740 28 980 207 591 765 101 170 33 426 410 851 842 13 280 407 200 
93 215 374 136 244 105 930 562 668 300 999 21 733 625 842 523 714 37 556 230 
757 584 169 275 288 349 555 14 438 289 437 766 208 960 661 498 836 556 577 132 
124 975 22 901 755 307 925 393 437 559 479 460 23 709 778 470 332 170 404 395 
490 502 895 374 821 501 86 167 42 413 407 954 566 369 849 866 176 588 504 973 
285 10 399 58 819 668 686 49 992 771 436 970 19 567 190 920 202 591 352 223 
190 44 275 812 228 745 344 212 70 214 612 432 642 662 69 799 849 237 684 988 
298 318 643 346 551 19 905 613 385 182 956 67 360 400 214 106 405 105 930 396 
724 743 385 17 260 450 496 83 569 311 509 576 348 411 578 59 136 283 265 740 
536 266 417 633 848 91 663 13 762 719 520 801 874 928 134 752 955 887 713 7 
347 676 769 876 68 924 817 645 965 367 901 61 889 34 280 716 398 75 399 252 
257 828 50 43 703 337 812 741 143 149 8 361 535 234 15 32 756 999 191 497 
982 399 86 257 275 488 112 801 202 665 677 392 219 408 783 362 149 658 242 865 
304 220 228 867 701 474 367 501 3 982 557 703 347 163 964 711 125 290 738 74 
436 293 90 8 808 706 703 927 827 467 425 851 287 515 942 637 93 771 658 513 
1 719 794 813 132 258 390 423 169 913 541 878 957 279 637 756 249 172 587 137 
569 691 768 435 234 260 45 246 480 391 592 615 541 795 343 773 929 942 556 169 
734 261 626 253 371 294 264 836 132 524 235 17 424 379 320 202 659 341 690 966 
772 412 49 196 249 65 596 222 242 53 600 38 748 510 425 168 967 899 16 761 
346 987 934 54 654 931 1 743 672 455 284 693 634 572 779 122 812 587 808 960 
327 88 527 429 739 107 625 750 18 238 583 354 916 985 837 664 740 403 906 730 
915 266 260 788 947 725 177 408 286 455 419 20 889 358 988 287 763 701 403 591 
242 575 597 215 393 982 511 655 74 435 3 148 162 942 610 74 501 311 809 775 
24 198 966 289 310 601 805 867 12 444 494 676 41 830 793 24 464 641 853 68 
569 786 973 292 255 618 45 231 610 428 883 93 744 384 937 888 495 135 442 969 
511 456 427 452 102 739 84 6 883 132 319 334 583 105 64 234 633 167 605 404 
265 755 249 709 767 317 915 863 493 633 236 473 346 665 449 527 488 461 22 697 
233 893 548 581 925 392 235 591 799 502 52 199 674 627 392 580 941 268 973 424 
870 423 235 36 974 430 137 670 785 973 566 943 698 565 509 866 852 767 783 594 
627 500 239 851 260 197 979 676 19 783 439 707 108 185 54 625 380 385 19 880 
256 371 780 370 526 59 961 172 603 702 716 483 52 244 441 53 897 273 543 812 
279 372 200 542 205 719 254 520 450 360 486 549 149 175 209 681 332 25 384 179 
633 556 145 42 842 389 328 663 672 15 799 812 139 52 632 691 539 176 570 546 
138 764 115 997 160 953 965 125 799 77 588 960 848 811 358 904 365 254 220 232 
889 470 97 117 541 343 672 305 541 61 307 606 690 901 345 9 433 928 103 261 
436 105 99 49 367 529 284 476 821 200 70 473 836 503 893 638 567 964 512 537 
787 70 248 380 492 882 801 992 96 445 320 961 356 731 5 145 990 199 723 711 
474 323 782 561 945 171 356 671 128 445 599 930 837 179 514 861 990 21 202 355 
493 664 183 105 735 316 419 869 37 125 418 408 725 919 51 64 937 575 294 520 
199 744 942 420 699 788 169 352 234 668 989 592 880 705 973 958 885 955 709 311 
740 730 218 607 500 324 365 14 442 478 850 570 590 94 36 943 133 880 148 701 
567 376 161 738 34 200 538 255 647 18 266 950 315 864 915 732 96 377 470 836 
77 991 881 981 708 695 938 60 43 97 563 69 237 969 975 910 409 740 437 116 
459 303 274 195 194 653 171 448 410 583 900 417 138 345 882 759 561 787 424 794 
853 125 632 694 20 470 711 230 446 967 334 134 131 187 407 916 489 418 293 730 
400 790 679 37 674 893 990 154 221 41 597 330 667 613 744 59 292 713 440 441 
498 175 839 516 533 710 662 148 64 63 759 402 92 510 624 209 411 875 213 797 
360 170 817 315 573 488 702 25 29 192 723 983 435 13 661 14 603 952 762 80 
695 843 154 65 644 527 342 68 63 347 502 792 946 623 933 253 340 104 944 930 
39 212 911 761 43 248 691 157 643 960 217 370 679 672 5 94 282 128 930 982 
789 789 913 628 619 45 889 416 486 163 550 725 194 277 149 70 857 538 454 320 
791 55 99 833 222 44 481 481 293 803 44 944 196 496 215 32 244 127 580 701 
676 722 241 906 735 395 68 902 92 353 889 887 246 990 433 213 750 112 621 994 
565 846 595 177 878 654 744 581 123 524 231 699 863 725 145 514 964 845 861 409 
950 590 802 91 576 91 571 951 205 76 410 410 354 218 752 65 642 101 547 393 
89 395 786 162 909 468 333 132 18 876 976 440 310 729 409 170 413 118 120 414 
141 95 167 656 211 454 242 152 976 958 777 366 807 405 515 307 432 135 678 424 
170 936 116 770 804 602 871 983 221 569 481 362 932 611 157 365 290 756 50 679 
352 72 529 244 307 650 413 277 191 493 299 831 682 49 778 872 512 233 916 391 
832 978 773 788 564 254 284 552 574 362 416 581 458 805 4 545 687 802 798 840 
466 967 421 872 260 671 481 377 426 157 751 804 606 851 213 842 540 937 859 9 
880 249 371 955 662 939 578 103 873 965 711 532 216 797 139 379 367 762 538 77 
826 871 153 477 807 426 968 839 580 532 67 536 390 361 971 824 316 379 266 294 
163 514 519 978 155 647 494 193 834 785 980 228 904 920 610 210 227 679 303 784 
84 727 499 86 817 682 297 140 988 613 493 340 916 794 79 801 906 533 398 769 
327 709 168 15 68 269 248 580 26 92 434 383 436 330 156 314 9 628 453 551 
462 785 554 475 556 421 502 786 309 286 938 571 341 934 949 781 711 705 302 242 
965 648 904 499 700 268 445 261 879 654 798 866 434 623 922 242 106 979 229 108 
724 700 306 376 204 436 965 799 671 667 714 165 98 66 746 157 692 358 647 973 
169 417 485 356 889 742 708 498 728 556 419 943 119 77 640 38 612 855 877 803 
469 714 765 323 315 35 551 611 908 0 449 812 993 381 922 685 953 111 665 410 
341 975 561 323 287 682 945 192 789 638 607 691 146 455 678 310 406 747 400 512 
828 714 181 218 757 674 75 214 740 586 184 690 1 566 95 513 394 826 640 779 
95 435 867 751 652 226 549 726 925 666 164 433 381 444 112 637 239 464 403 462 
344 607 370 130 61 623 556 936 129 247 779 825 954 164 392 269 925 875 652 17 
558 455 972 648 941 413 852 135 509 654 384 413 775 38 127 531 7 715 969 944 
325 263 826 361 622 177 175 159 116 441 129 641 291 51 744 356 869 270 185 15 
9 886 291 980 560 790 838 772 392 610 613 586 332 547 886 267 723 172 232 28 
56 782 532 133 475 359 423 685 974 15 302 198 10 534 651 698 138 432 992 814 
64 883 329 301 184 427 703 200 178 972 370 181 331 408 286 342 526 552 977 924 
46 536 268 843 616 247 553 103 935 652 484 855 776 544 212 761 895 583 964 895 
505 744 421 849 204 184 295 891 228 9 863 56 791 537 91 726 763 104 804 124 
822 258 619 481 806 871 383 31 931 815 462 633 58 321 474 656 155 93 262 484 
893 145 865 761 432 146 882 400 987 995 773 383 655 874 340 516 572 113 986 102 
970 506 628 468 555 807 409 691 648 473 835 137 505 343 254 647 336 74 929 959 
888 774 315 667 738 316 0 862 16 557 188 662 374 697 839 306 246 578 593 968 
827 778 72 643 40 724 327 947 161 922 625 581 666 267 383 453 823 983 823 737 
988 925 182 96 22 548 342 594 513 209 955 434 820 122 666 105 610 912 940 893 
474 106 74 218 121 567 113 383 878 860 976 668 631 208 183 179 706 571 258 789 
806 782 678 190 203 663 956 940 927 499 668 875 291 2 251 901 349 509 968 560 
855 355 731 192 152 901 432 383 434 630 651 498 404 879 739 806 0 754 684 642 
767 117 879 679 380 497 237 974 815 660 437 480 387 460 770 692 897 237 424 108 
198 244 456 33 955 821 370 241 755 794 466 950 739 365 502 552 957 441 359 789 
45 91 495 104 88 54 946 864 273 416 216 451 438 751 785 555 635 128 826 919 
621 609 863 981 513 45 185 439 918 728 978 547 704 844 679 551 23 603 758 413 
752 909 119 667 810 909 624 303 755 663 155 657 572 373 307 329 667 531 135 906 
679 911 934 223 217 461 548 870 473 457 804 890 174 158 934 941 186 63 594 293 
694 420 126 502 730 847 101 969 303 864 49 523 568 662 706 409 910 758 383 803 
164 857 628 623 211 105 789 383 119 908 266 317 193 197 603 126 661 447 30 117 
895 123 950 482 130 468 879 402 409 753 792 488 578 859 415 20 367 199 67 340 
143 798 542 784 757 299 937 666 223 941 677 837 209 358 351 670 891 11 980 649 
937 965 638 293 337 942 757 34 210 624 409 241 11 435 270 109 330 462 505 185 
878 448 339 970 383 887 252 671 60 17 410 70 781 649 577 976 355 404 117 928 
677 532 246 520 692 876 171 788 80 462 171 675 148 746 183 436 152 231 516 461 
598 639 976 970 367 102 754 995 687 963 367 974 766 579 267 536 832 65 909 862 
616 42 662 521 696 193 554 697 548 182 960 249 144 845 895 891 646 284 105 733 
373 388 789 829 78 460 719 273 65 530 483 682 304 220 890 338 170 38 900 763 
203 268 423 634 553 27 22 228 706 963 358 735 436 871 69 388 278 768 571 180 
237 991 838 913 649 978 96 670 202 881 612 185 117 753 305 144 899 392 86 146 
931 874 959 8 582 956 999 627 164 439 351 167 646 679 557 225 220 37 8 453 
104 441 955 132 818 404 264 3 701 805 759 127 305 722 455 952 498 770 316 835 
66 841 610 773 803 787 97 140 647 388 913 552 636 792 600 11 970 958 978 364 
230 946 584 962 180 252 340 199 320 867 627 75 910 77 924 995 436 323 89 489 
932 225 820 830 78 428 628 310 301 423 151 75 904 919 514 988 668 406 438 6 
401 613 717 259 994 525 591 995 721 183 806 649 906 778 64 240 622 894 222 61 
371 543 512 606 658 412 908 619 554 168 63 324 771 801 242 76 677 63 768 628 
50 615 928 3 233 713 238 965 676 390 511 377 340 30 45 663 108 1 231 49 
148 188 84 570 983 271 265 757 383 772 570 911 31 218 6 87 408 268 958 885 
632 468 262 145 433 867 293 109 86 613 890 550 131 688 96 550 269 518 491 614 
904 236 667 555 488 786 768 142 761 347 95 736 795 567 884 565 240 8 56 505 
640 529 166 400 248 94 16 2 542 927 31 735 632 311 987 200 925 621 584 23 
219 128 545 23 987 712 425 918 187 675 624 801 34 685 282 729 73 564 23 358 
0 699 406 825 487 820 483 414 598 988 227 362 542 290 766 873 482 583 876 491 
224 293 610 183 749 601 799 977 552 531 779 976 453 920 8 59 757 557 131 926 
443 198 580 639 322 480 931 110 462 444 798 420 977 325 889 459 943 685 221 590 
923 626 508 914 531 335 172 230 98 120 466 695 149 989 233 575 216 619 315 487 
401 679 230 618 596 437 355 436 993 464 923 866 564 291 227 852 244 503 570 905 
694 542 977 537 546 911 114 737 14 827 139 683 145 328 317 76 835 563 392 10 
28 51 922 645 378 628 672 468 582 106 51 732 865 358 479 269 755 941 632 238 
805 263 422 306 832 246 611 794 277 608 713 845 854 446 945 309 637 782 138 68 
523 478 639 599 227 378 813 98 41 335 995 500 277 57 970 660 277 946 303 156 
874 748 518 462 497 305 521 556 212 633 946 419 722 540 229 547 997 376 538 160 
650 77 122 493 951 839 615 442 976 524 761 19 106 127 798 380 427 564 426 625 
41 797 903 450 819 332 126 87 989 865 311 288 584 431 342 497 945 442 214 580 
177 964 458 87 357 625 802 743 334 119 3 837 123 625 146 784 134 782 738 579 
853 629 276 241 986 548 318 566 677 738 343 392 344 370 42 374 771 393 569 391 
657 913 308 287 594 743 298 205 507 401 952 928 299 652 64 939 752 237 427 374 
697 567 441 128 621 965 336 674 396 552 396 861 979 547 734 151 654 973 8 962 
922 358 992 349 641 190 171 999 225 122 916 601 623 41 133 499 368 558 501 858 
576 494 138 848 638 205 385 613 568 412 948 925 115 406 259 602 790 234 510 964 
967 483 906 237 134 239 138 609 929 845 640 574 255 43 604 745 417 495 468 242 
966 124 349 968 502 182 793 224 721 514 89 306 753 952 229 820 45 210 665 27 
96 178 730 551 977 63 698 103 84 72 600 845 545 444 396 819 251 681 505 134 
244 260 940 193 807 744 820 733 470 42 178 944 341 725 923 60 583 921 811 170 
87 18 36 542 370 446 600 437 211 782 20 724 302 208 813 186 569 269 255 601 
352 791 468 553 425 5 10 686 279 954 360 354 90 995 977 534 799 168 730 942 
212 948 297 2 599 528 791 308 695 213 288 663 771 17 47 668 482 732 655 323 
339 467 552 528 742 788 727 564 793 155 345 382 0 300 241 985 743 963 440 744 
290 225 308 935 567 247 989 571 402 664 467 645 169 801 852 723 137 69 229 920 
913 223 262 502 605 310 859 768 870 920 889 140 672 232 350 977 484 514 851 470 
55 450 158 635 939 271 979 132 52 93 372 203 550 619 321 205 205 34 105 760 
252 616 753 2 146 588 852 430 330 122 756 963 227 625 615 358 719 924 982 409 
783 774 147 324 391 633 617 91 958 952 32 144 225 699 672 602 697 227 894 477 
978 807 77 884 684 311 599 421 879 79 629 140 539 606 723 739 30 519 806 921 
242 127 642 184 958 625 80 67 291 742 733 847 898 113 449 457 644 282 814 976 
618 257 247 533 510 974 907 985 586 574 802 917 648 745 807 688 681 281 431 524 
810 541 961 346 931 784 62 832 74 131 835 720 272 250 420 794 338 614 916 837 
315 758 538 930 215 108 806 9 531 61 205 960 188 688 881 560 446 67 364 395 
854 874 110 428 705 586 989 293 645 150 69 455 1 71 209 37 201 641 792 346 
173 395 371 588 971 367 670 385 177 179 60 385 615 343 264 188 381 528 354 790 
505 557 399 239 564 16 333 480 309 119 92 139 869 916 224 786 221 345 911 27 
693 144 414 275 135 26 97 864 132 846 402 275 669 164 810 206 988 299 614 426 
227 976 675 677 717 992 549 626 452 279 829 776 163 650 177 696 245 762 744 633 
86 274 350 902 409 187 77 379 89 662 389 740 859 458 685 559 180 494 922 570 
391 945 287 160 586 424 894 976 922 745 54 982 739 589 366 982 908 730 920 95 
283 282 410 677 21 470 601 161 481 800 406 548 446 239 558 321 257 932 133 67 
356 53 210 712 883 999 945 292 104 481 933 0 50 911 292 957 282 268 616 172 
286 20 394 415 545 641 322 181 610 604 484 690 492 886 109 397 446 752 71 231 
844 480 114 824 238 964 603 460 192 228 25 358 250 235 765 188 528 54 130 203 
372 145 566 188 418 798 983 463 421 295 289 967 960 190 335 535 760 363 473 763 
448 846 301 730 933 565 656 346 219 200 478 700 407 995 249 833 511 460 7 342 
94 117 863 524 37 124 413 716 358 834 820 369 498 201 555 445 191 562 531 993 
122 453 968 991 875 561 430 826 289 663 997 545 427 906 152 855 801 986 267 727 
146 770 52 942 775 566 772 369 712 585 341 465 493 6 605 476 768 293 564 598 
257 88 643 896 370 622 237 911 733 296 994 8 762 835 602 611 853 493 647 749 
320 195 294 491 37 474 576 99 446 69 363 437 672 231 574 763 781 961 222 501 
993 694 98 7 752 196 693 895 598 726 213 610 599 688 160 30 136 827 167 885 
333 810 29 96 933 12 529 826 578 819 1 895 494 939 186 253 419 991 574 10 
249 57 678 982 37 864 728 666 695 847 842 97 685 404 320 790 959 166 418 774 
515 667 497 295 826 448 811 122 738 626 749 869 101 469 889 51 186 795 281 680 
531 279 474 384 359 243 20 591 816 855 793 447 175 642 884 61 798 453 396 460 
215 478 745 543 828 995 871 473 663 753 888 47 674 147 807 400 41 454 170 572 
855 285 847 387 974 920 899 15 435 306 542 733 185 659 651 264 621 91 983 983 
450 281 184 903 142 899 760 883 252 671 601 196 572 857 948 756 696 645 997 375 
744 783 953 180 352 553 274 496 352 29 66 397 596 124 983 81 629 567 126 345 
345 492 403 87 214 786 567 489 189 696 195 821 876 708 276 354 252 280 983 864 
109 969 527 539 982 66 733 340 353 70 104 608 270 22 453 101 247 410 352 603 
365 227 532 191 273 792 263 886 485 159 170 615 196 727 487 82 854 859 67 600 
905 681 303 578 813 868 121 255 46 952 361 888 272 124 305 255 286 404 611 416 
483 319 714 766 133 166 170 472 758 759 945 478 397 792 970 167 820 608 103 724 
739 755 287 451 486 476 601 476 483 496 888 664 814 320 55 724 888 807 743 472 
605 757 814 516 157 683 994 901 509 88 815 613 671 748 701 241 719 179 765 479 
184 604 69 663 574 762 890 289 645 58 478 151 138 814 683 957 425 218 671 86 
159 893 232 257 864 747 881 684 748 560 165 583 853 455 771 988 228 444 475 493 
36 143 57 895 399 930 47 430 193 148 472 33 882 576 354 848 95 455 907 587 
179 221 960 268 474 595 249 759 302 208 249 297 214 941 333 863 563 305 963 265 
669 115 205 439 926 190 902 578 284 162 876 766 221 264 566 478 711 686 936 177 
694 324 285 52 937 918 37 296 870 411 207 485 973 805 624 7 299 530 692 264 
408 274 684 350 147 994 193 782 444 281 904 985 362 873 607 806 790 192 534 977 
160 455 882 43 977 99 118 753 913 426 259 417 49 856 170 778 595 523 535 979 
769 284 96 703 100 135 29 304 966 236 139 2 569 615 348 281 769 460 490 5 
440 376 700 13 81 20 815 570 503 627 848 798 998 718 633 468 298 126 394 217 
943 874 266 11 369 337 222 9 886 706 410 636 992 682 366 653 54 70 274 487 
174 889 645 357 124 729 274 423 414 133 332 377 115 817 740 189 897 38 912 731 
542 307 958 597 905 849 866 400 738 125 540 904 743 95 461 474 889 811 187 256 
271 413 732 545 625 131 792 335 87 406 81 341 474 320 623 849 187 652 135 246 
116 195 548 973 180 299 625 661 487 117 414 504 756 494 969 944 296 998 62 722 
404 96 954 665 99 921 301 430 143 69 62 112 852 638 643 158 748 526 953 588 
788 383 937 478 591 104 516 190 170 491 296 468 984 501 475 759 511 942 759 231 
907 882 863 76 129 471 273 468 383 304 820 393 186 697 76 570 95 243 332 596 
502 498 947 239 492 286 915 533 96 263 174 609 217 76 241 685 277 758 829 222 
781 896 91 68 215 570 864 180 188 415 634 400 764 331 810 779 190 81 34 133 
381 955 129 542 639 603 460 872 143 754 576 821 6 72 189 371 701 331 437 325 
86 323 429 773 644 653 851 606 176 22 617 863 110 675 849 12 343 455 42 39 
255 301 417 672 954 334 795 688 843 196 338 260 605 944 982 576 742 714 982 554 
913 983 472 721 546 663 197 390 327 360 760 745 589 821 201 263 121 155 844 98 
361 733 287 90 930 990 885 67 946 184 916 767 392 570 966 637 331 815 214 745 
121 245 185 247 874 163 111 394 299 815 65 842 423 398 110 230 539 677 681 733 
288 784 613 163 511 665 956 930 392 147 812 767 692 847 907 191 748 527 44 642 
649 489 978 391 645 767 573 104 513 189 243 454 321 426 600 512 925 578 321 385 
569 794 310 456 0 566 774 691 604 697 231 430 393 699 590 73 859 999 548 984 
764 445 930 271 739 69 118 125 194 198 966 712 918 478 668 818 140 378 195 555 
282 112 849 958 892 627 702 216 113 911 84 687 37 406 127 223 759 99 742 323 
406 76 819 554 479 805 255 711 42 923 298 213 839 565 714 971 803 498 137 541 
439 671 636 572 210 232 777 207 46 482 529 809 553 806 367 476 741 504 847 766 
465 648 306 563 9 968 513 292 844 736 744 695 13 31 765 311 157 355 313 349 
174 539 335 759 155 946 818 976 406 654 860 696 234 202 628 197 514 353 879 289 
105 805 626 23 300 935 975 121 420 639 191 171 9 782 263 965 332 561 173 709 
859 993 581 987 539 737 767 865 56 336 547 875 273 368 912 795 674 606 409 297 
841 523 426 657 557 234 985 764 804 451 224 563 5 71 242 209 637 141 484 481 
21 957 430 41 331 131 58 445 728 461 84 911 859 648 754 949 348 113 118 267 
123 920 250 51 890 329 180 474 384 574 26 653 8 839 311 555 633 228 703 101 
807 500 191 115 210 623 240 121 53 753 150 666 906 7 860 148 84 863 675 437 
700 395 970 451 833 959 919 34 594 68 351 49 397 75 563 606 534 326 668 172 
632 307 976 930 135 490 613 990 833 817 878 834 642 238 612 573 759 949 86 333 
998 563 460 811 740 426 440 623 230 909 150 799 189 815 437 642 859 879 398 410 
603 991 581 177 24 701 575 178 36 793 819 924 157 128 43 531 291 913 165 719 
372 190 516 857 811 205 173 627 727 959 359 167 304 536 754 59 568 657 971 587 
591 827 999 287 287 613 143 815 953 247 562 757 792 791 161 130 804 524 71 787 
450 714 431 181 834 261 467 383 56 946 170 815 872 274 681 751 900 904 53 665 
80 29 256 145 456 305 731 634 456 637 587 340 107 399 271 69 304 790 504 293 
338 911 865 574 703 711 794 651 108 626 96 312 775 211 351 371 629 60 666 242 
197 65 658 45 844 776 862 373 738 403 986 85 629 634 475 200 428 834 441 940 
319 907 382 613 54 97 822 932 175 656 896 289 516 214 20 207 404 803 213 568 
448 964 977 760 209 697 974 494 608 459 599 40 614 74 279 887 685 646 518 403 
326 893 674 40 509 76 656 977 826 713 283 819 122 224 412 470 957 653 362 719 
481 522 188 761 63 729 949 382 116 172 462 441 611 610 979 453 560 997 887 747 
56 474 665 688 736 289 635 837 819 558 360 995 736 78 695 687 875 974 37 274 
11 569 87 476 156 80 344 650 966 743 208 526 797 558 366 198 410 917 631 103 
106 739 784 675 582 537 856 408 91 882 521 900 18 390 465 486 923 615 796 911 
541 131 220 96 425 636 259 533 784 685 792 515 194 726 937 38 137 193 208 902 
349 29 865 59 465 307 771 527 702 495 685 978 247 401 234 788 308 421 168 574 
411 824 918 402 59 549 148 756 507 927 767 153 587 727 789 944 433 575 893 197 
655 272 315 525 794 145 435 7 718 362 12 128 825 920 680 402 973 977 0 734 
474 42 884 223 340 23 572 977 144 108 593 642 236 465 319 384 576 539 647 939 
760 873 896 396 547 907 694 701 113 50 638 499 576 892 856 186 511 239 750 440 
111 400 268 853 503 564 585 81 504 182 333 615 64 874 19 576 10 610 145 259 
181 544 461 811 28 251 619 962 534 893 652 845 759 68 497 63 343 863 24 74 
865 492 366 307 167 23 838 726 396 205 697 651 250 666 894 591 29 480 980 245 
744 546 326 398 494 384 958 351 244 859 341 978 237 539 793 672 902 246 64 134 
571 524 117 693 457 201 385 150 461 827 155 349 773 189 683 165 406 436 275 341 
758 15 959 874 107 212 535 837 467 672 202 246 381 447 349 817 536 134 405 800 
723 124 537 57 317 624 52 978 334 967 713 970 805 837 631 465 715 590 383 314 
359 933 244 440 124 45 211 464 57 182 683 246 359 627 390 2 208 81 624 523 
29 306 640 948 369 563 596 223 213 571 842 856 675 933 277 19 79 207 925 385 
186 572 506 582 897 407 617 358 342 602 312 722 533 437 367 605 266 634 423 709 
737 401 520 62 878 544 342 984 670 709 355 412 389 31 651 674 81 658 67 384 
447 889 587 886 493 160 846 741 144 530 864 713 407 985 432 308 727 605 270 494 
377 679 542 154 33 254 453 474 639 226 923 109 83 454 410 24 613 699 439 771 
19 467 534 189 23 347 466 51 816 997 686 405 824 133 165 297 477 442 969 701 
212 543 314 879 643 779 301 839 509 862 607 655 204 861 770 553 369 95 992 754 
872 569 237 734 387 438 10 76 523 299 582 163 190 931 8 581 653 79 499 427 
245 576 529 897 377 167 931 844 142 725 175 265 919 902 60 423 354 84 338 496 
962 497 165 668 646 293 412 183 402 305 573 116 637 890 715 546 283 810 938 566 
324 852 130 672 45 87 850 650 997 677 215 415 490 980 150 417 405 420 342 430 
547 682 346 859 949 204 389 497 267 486 198 151 45 677 143 608 242 715 328 215 
340 946 953 0 867 123 688 305 201 993 488 145 878 634 899 303 126 342 112 886 
735 323 144 192 415 824 838 88 30 577 702 845 551 738 432 660 917 648 492 924 
756 276 711 464 181 625 103 560 862 176 620 698 233 489 768 512 532 501 552 601 
297 506 971 500 551 487 474 649 64 401 297 259 772 421 286 532 143 86 855 135 
302 465 824 228 64 655 781 791 170 268 725 482 227 302 696 996 706 815 546 306 
100 575 864 989 867 699 586 572 283 186 74 459 271 858 741 548 203 695 223 709 
323 572 204 611 908 501 156 150 601 859 750 972 346 25 208 722 408 200 934 656 
651 830 937 197 111 356 562 811 388 983 856 803 966 982 478 412 189 142 424 401 
37 715 599 73 256 649 370 531 442 202 520 328 966 192 644 99 848 76 120 943 
490 400 765 609 754 187 978 390 52 771 595 421 492 63 476 576 351 541 414 343 
771 570 712 517 476 416 954 687 184 493 119 723 677 330 761 821 561 456 241 592 
547 898 558 275 968 935 709 761 984 606 731 86 106 520 984 390 261 384 116 872 
577 734 206 164 485 124 978 761 242 488 442 842 320 540 689 954 608 482 500 453 
337 412 898 80 911 387 981 964 537 14 401 495 698 510 669 900 50 871 272 516 
101 794 702 581 853 449 155 914 308 745 687 555 964 335 818 342 330 165 761 30 
48 660 106 323 898 886 901 338 36 932 60 31 122 773 12 720 688 112 916 235 
411 884 518 979 712 950 652 815 491 428 20 460 906 944 855 820 515 350 6 966 
243 401 14 248 577 946 238 555 507 59 654 998 247 643 650 486 796 107 351 604 
970 873 326 670 55 226 455 843 564 206 959 513 536 574 597 202 115 185 953 159 
517 480 142 906 55 654 378 378 498 852 124 507 560 548 189 389 272 372 274 247 
581 645 841 858 609 557 761 458 134 482 71 379 61 376 879 360 827 436 640 506 
929 274 202 22 499 156 228 120 931 212 9 744 246 981 211 586 295 652 788 674 
19 484 448 911 13 715 151 455 771 327 777 795 569 429 610 805 780 755 1 447 
473 852 540 510 759 876 198 663 419 901 908 969 299 657 812 459 148 432 270 679 
7 317 543 183 194 876 860 671 540 983 173 267 171 362 74 650 465 883 410 67 
475 614 449 927 788 119 529 344 538 505 805 752 408 751 330 453 716 377 23 900 
433 905 351 251 663 319 844 195 226 138 22 622 257 71 460 757 447 807 146 661 
87 876 116 787 828 860 402 166 807 498 428 700 565 401 480 919 655 34 569 105 
355 200 922 622 387 58 780 130 989 81 613 515 299 226 586 823 500 462 197 729 
811 776 426 440 718 7 983 800 450 557 530 269 612 679 872 285 859 862 810 646 
341 116 218 392 511 971 624 596 713 27 334 790 600 947 394 182 662 610 853 733 
647 206 263 270 974 605 501 531 728 738 134 298 342 282 731 23 889 799 893 771 
897 613 763 613 879 787 963 153 147 684 25 406 984 270 559 853 863 827 156 126 
114 447 967 77 354 457 485 981 970 598 850 939 238 393 381 471 254 807 94 270 
839 891 844 516 260 773 538 688 689 385 515 920 504 485 710 831 416 250 299 620 
51 63 206 852 598 434 955 483 94 257 467 383 153 944 758 70 107 475 42 145 
74 599 434 0 220 852 322 872 16 549 554 139 98 555 466 495 827 919 429 777 
368 119 785 267 185 443 390 924 989 944 468 751 556 980 946 71 181 283 556 977 
394 898 349 978 377 242 158 707 987 847 389 562 178 114 313 627 15 875 540 406 
738 643 707 731 190 89 651 611 835 252 420 777 702 960 650 426 214 724 65 328 
56 643 521 125 158 234 570 94 171 82 346 229 250 845 436 4 712 911 396 647 
766 965 409 137 612 753 65 314 75 409 995 823 529 84 993 994 306 438 101 228 
165 22 885 112 717 790 362 114 73 779 365 280 159 903 347 80 940 411 611 554 
718 136 549 887 582 63 310 314 456 191 937 53 421 240 880 624 3 454 211 838 
443 616 384 160 492 513 83 326 254 959 712 298 505 18 351 840 375 63 615 4 
503 926 207 218 883 704 689 571 733 853 503 110 437 765 218 246 78 749 417 755 
338 5 431 315 627 671 513 466 980 218 534 296 943 577 991 66 408 734 80 379 
897 666 480 797 887 385 510 274 598 529 12 944 657 44 473 917 876 911 705 246 
989 18 488 734 872 120 696 406 602 465 694 248 88 383 707 688 842 293 306 61 
562 815 253 628 425 694 949 190 108 594 626 283 674 69 847 871 218 429 218 204 
986 226 115 920 195 458 242 41 332 889 526 502 315 997 548 7 771 689 380 304 
547 311 458 914 523 868 155 642 973 719 478 822 601 162 30 989 472 316 701 967 
302 461 35 733 498 508 863 906 344 582 158 738 713 88 946 634 473 958 60 224 
497 637 956 852 397 302 72 55 9 420 420 346 680 649 33 739 654 979 889 380 
166 885 850 980 726 523 89 867 210 845 616 872 446 568 619 44 544 33 976 28 
725 204 830 915 611 748 199 815 854 852 640 413 87 389 896 903 74 881 911 965 
567 79 290 154 844 168 228 80 729 626 655 902 603 834 547 873 453 871 550 265 
540 997 621 382 794 312 145 82 541 1 230 209 665 102 184 414 779 828 31 567 
247 704 892 981 765 215 52 348 247 19 509 778 751 791 359 358 799 452 389 246 
512 157 347 574 766 239 43 845 476 678 603 810 452 780 648 807 858 523 777 397 
786 77 909 745 55 114 175 109 989 730 219 361 433 123 129 196 888 405 322 878 
149 348 8 504 607 182 291 542 898 902 713 3 309 752 757 710 924 350 644 564 
238 722 476 477 890 413 694 908 493 399 509 97 455 671 103 577 192 430 292 889 
501 0 877 846 503 939 630 689 358 82 135 345 169 820 335 954 761 809 418 468 
263 140 110 23 579 287 232 350 671 92 300 97 347 200 540 999 506 813 352 315 
725 168 271 7 550 303 917 926 528 295 238 799 557 901 195 95 768 36 298 69 
188 391 138 724 948 391 767 229 205 743 82 995 225 966 469 491 669 572 678 611 
501 897 346 514 255 75 780 457 173 494 230 449 103 904 199 108 648 661 877 768 
936 681 621 450 658 805 633 975 494 916 785 769 826 837 189 159 149 171 986 638 
476 740 211 591 760 95 354 201 927 906 983 473 715 931 480 942 120 517 226 794 
209 669 511 470 246 845 776 205 15 824 644 173 492 127 682 297 951 780 348 194 
26 454 685 662 542 452 740 817 843 669 737 212 447 127 303 100 569 919 602 821 
77 552 924 678 797 207 411 294 917 127 796 127 319 672 910 354 401 790 192 195 
588 335 141 422 590 404 250 50 970 260 956 566 775 925 167 545 638 36 653 238 
880 191 259 816 16 898 307 186 188 375 269 507 481 553 975 543 935 194 847 97 
923 571 150 464 765 469 895 247 561 174 920 250 513 382 401 158 387 434 83 264 
783 224 739 497 20 636 30 624 763 386 695 488 267 830 519 699 151 529 964 567 
173 148 285 537 937 762 61 592 306 393 471 387 50 777 617 221 227 96 123 639 
336 685 873 87 906 211 423 152 21 32 174 298 218 527 76 611 254 212 488 334 
243 318 422 515 301 57 719 279 496 252 326 30 64 912 262 534 345 395 480 862 
144 868 195 847 969 544 644 305 786 499 33 985 736 259 753 769 529 674 343 816 
50 858 38 628 641 550 990 14 686 566 95 333 38 435 646 630 600 4 366 682 
532 513 993 848 919 534 463 732 708 426 118 288 944 936 147 194 445 661 984 558 
330 644 935 694 136 327 245 143 48 150 642 734 475 260 536 843 994 432 881 916 
32 162 391 229 300 247 30 415 531 663 421 975 45 52 453 304 623 485 352 659 
153 261 895 150 49 870 237 202 760 209 591 226 139 386 72 953 141 287 159 211 
707 626 276 847 432 184 900 683 361 208 41 65 820 48 573 241 901 820 312 166 
385 929 200 797 423 954 553 315 251 288 958 127 229 975 6 376 153 702 474 280 
432 143 949 721 247 32 149 783 663 713 922 822 797 856 341 157 418 609 563 20 
782 753 945 402 801 485 938 770 242 471 239 702 435 361 431 604 772 165 119 16 
879 268 795 35 596 221 669 763 414 680 5 779 486 388 363 436 879 822 505 315 
793 395 212 789 578 983 940 465 793 207 234 37 845 92 602 748 142 297 633 534 
146 152 193 152 411 935 474 861 831 768 851 845 504 345 201 774 356 322 111 136 
312 349 575 941 73 379 192 449 699 92 401 782 334 822 76 475 741 107 102 934 
9 924 991 735 366 163 573 816 947 967 214 458 392 289 405 449 987 207 748 170 
60 814 468 516 146 149 481 629 956 352 561 374 213 850 581 442 274 727 185 3 
742 705 697 886 464 993 85 743 763 8 399 256 383 711 354 438 430 476 405 341 
137 85 952 830 227 386 687 197 654 654 148 887 117 902 577 652 258 166 999 938 
26 104 913 594 429 998 300 647 18 194 259 347 962 300 406 340 283 28 778 80 
65 992 903 645 360 48 118 764 869 712 250 303 382 166 697 920 487 628 106 468 
494 120 89 232 409 883 72 178 830 159 969 412 827 365 378 452 511 749 151 311 
225 574 502 808 352 985 799 211 979 825 363 87 586 422 47 587 356 763 361 776 
994 980 242 896 700 596 524 341 59 734 221 228 550 434 445 348 209 706 676 58 
163 781 152 455 774 620 766 852 445 140 703 724 425 579 525 708 668 478 549 574 
938 850 975 156 972 170 20 979 671 129 960 293 357 192 576 612 987 890 214 244 
682 878 90 312 681 932 387 640 155 844 758 577 837 531 470 654 147 703 734 222 
908 406 387 133 251 490 300 367 599 455 534 290 445 648 3 756 540 367 500 261 
345 491 871 702 589 863 938 986 100 689 808 988 838 504 867 33 828 74 244 151 
739 500 743 830 637 323 714 966 761 331 479 450 23 958 239 228 312 56 714 32 
685 752 29 421 295 353 187 761 439 385 815 324 448 490 32 249 297 815 982 16 
551 393 348 399 107 52 399 131 40 899 310 217 823 19 203 289 862 927 73 934 
502 831 981 943 748 310 234 10 995 468 896 905 568 706 469 77 46 780 983 315 
251 843 880 740 803 124 394 57 35 323 589 175 32 324 504 759 881 203 588 585 
970 434 31 562 219 75 912 67 657 423 574 76 179 151 981 649 207 433 691 652 
62 293 512 188 877 975 861 684 302 760 207 62 454 297 988 610 824 431 853 193 
818 765 84 943 502 510 584 769 757 515 974 627 639 172 722 221 485 938 95 791 
378 692 611 2 583 912 158 601 687 285 181 592 11 22 450 836 350 193 758 235 
235 513 146 997 678 186 274 835 600 331 500 383 767 600 263 116 557 640 190 247 
328 804 583 247 546 986 328 369 66 593 754 495 723 5 600 474 307 909 97 365 
102 547 932 388 36 436 428 589 641 809 756 957 715 741 996 686 569 112 469 88 
210 219 994 542 436 69 287 394 334 38 294 764 168 178 968 966 969 40 385 220 
465 483 319 66 32 968 924 678 823 665 578 232 558 706 6 911 189 523 416 94 
551 389 610 990 340 88 976 902 566 67 215 817 726 997 832 839 680 13 582 142 
884 341 686 666 102 805 495 450 328 685 219 765 734 665 661 549 459 108 883 211 
275 599 709 500 488 657 574 467 273 219 59 470 391 876 314 21 746 387 805 856 
564 379 719 832 572 388 238 793 502 343 337 534 296 298 764 238 112 37 546 838 
108 588 314 671 354 974 541 17 914 677 151 63 441 399 196 645 503 732 542 848 
971 865 548 510 741 949 220 6 556 914 307 232 234 702 252 759 844 842 168 606 
478 251 694 858 103 39 956 950 649 762 644 388 276 250 977 403 706 224 20 860 
382 336 906 394 377 34 649 832 766 658 91 669 991 877 233 798 526 333 556 955 
112 590 256 933 351 578 883 173 736 146 284 633 213 87 951 227 251 176 688 298 
390 868 157 245 755 834 673 525 982 815 887 794 446 984 804 9 734 129 240 709 
357 861 6 236 40 686 537 331 246 839 193 108 285 657 543 838 755 363 630 454 
879 990 554 765 417 367 278 226 328 454 120 826 314 863 887 893 153 158 88 234 
508 89 629 990 619 945 144 577 960 521 823 849 690 633 960 92 243 981 614 503 
332 610 84 36 496 537 202 604 439 496 982 393 860 340 404 520 928 387 185 821 
16 482 380 983 717 490 527 229 891 416 157 537 548 389 716 780 845 619 396 682 
386 961 920 656 342 433 29 819 45 144 377 90 325 310 839 439 865 575 471 722 
241 457 355 103 607 551 623 889 451 501 864 286 81 788 97 101 977 256 657 550 
632 345 225 833 197 655 373 649 639 105 730 650 157 168 831 753 741 359 670 427 
153 622 564 49 374 480 263 738 703 121 384 689 723 156 489 425 466 587 569 54 
69 336 565 414 951 804 385 656 14 351 48 851 934 79 936 986 553 740 426 966 
975 923 177 525 412 945 720 170 875 228 880 173 325 724 498 949 919 671 387 450 
322 493 902 312 836 625 758 121 664 313 851 882 161 448 644 121 397 586 727 301 
152 888 709 70 406 229 73 279 805 495 450 625 625 794 471 122 42 57 979 558 
124 143 594 276 614 62 802 853 437 454 341 512 705 159 558 354 375 314 90 428 
801 357 761 749 252 766 948 825 720 66 962 946 413 678 734 103 668 790 307 714 
659 892 187 126 462 827 107 712 898 948 139 45 83 689 214 397 361 352 853 822 
718 995 168 476 379 638 375 8 804 8 758 399 489 517 912 692 31 259 677 608 
238 299 607 9 43 43 273 225 945 538 193 512 172 3 776 653 935 942 879 801 
22 443 324 988 718 145 421 156 700 174 228 355 955 807 828 592 986 858 651 433 
61 274 537 920 826 139 64 291 823 783 396 217 539 713 652 337 970 399 873 389 
741 717 127 503 745 648 771 995 966 927 628 534 131 553 172 765 480 571 720 520 
389 321 102 224 713 552 727 847 701 569 757 728 178 80 151 223 600 501 819 881 
257 395 427 351 413 799 483 231 79 355 841 244 807 220 198 647 194 49 708 997 
431 749 281 667 179 879 179 224 112 15 684 306 577 291 377 716 457 940 573 894 
549 363 163 445 87 648 371 541 540 412 164 276 48 236 212 632 433 545 572 228 
705 342 872 23 864 770 517 846 721 175 803 259 803 354 293 421 835 508 638 354 
297 968 535 555 272 830 575 975 538 935 258 802 403 138 605 479 732 103 992 196 
420 674 628 293 666 745 320 475 725 674 503 231 455 167 436 946 120 603 417 974 
311 722 340 826 294 795 435 282 551 377 585 534 673 107 226 356 712 769 131 760 
260 288 493 779 224 807 356 105 510 59 579 607 321 464 98 957 835 673 635 969 
904 641 257 476 898 115 26 737 199 311 559 739 312 231 697 230 27 577 958 73 
891 509 620 778 582 609 918 162 776 403 805 3 519 223 608 415 110 378 558 955 
133 78 611 884 817 350 922 280 736 285 11 593 80 698 197 781 24 423 125 721 
239 354 264 544 180 107 645 518 389 775 302 386 972 197 400 748 311 535 537 786 
207 91 994 561 723 410 686 378 94 592 154 459 174 862 892 912 815 397 481 570 
183 692 529 407 83 379 214 729 626 872 166 299 744 506 492 346 766 397 22 25 
920 390 842 511 831 303 826 124 568 548 707 594 772 15 72 785 585 457 444 933 
498 954 224 532 331 931 497 163 55 146 630 568 845 439 976 93 360 252 994 123 
567 905 484 230 500 833 251 216 584 383 195 384 423 877 383 660 472 655 640 772 
968 651 725 321 431 787 674 662 675 559 580 782 156 164 147 126 312 42 409 92 
863 765 442 809 801 705 340 251 351 548 730 14 16 174 547 219 453 300 232 57 
359 270 791 900 359 141 209 11 982 737 682 198 654 490 266 320 561 774 815 569 
832 370 678 503 471 644 130 431 903 729 123 358 988 474 627 437 184 772 285 388 
119 520 695 317 173 640 226 37 765 387 319 575 68 699 109 634 45 565 224 51 
685 177 155 726 810 459 577 817 88 344 936 609 932 957 400 90 852 645 219 625 
542 353 621 620 585 69 982 180 442 873 909 338 991 637 79 632 601 552 457 625 
509 35 826 803 459 889 236 388 571 290 85 363 85 984 513 520 432 298 666 159 
270 775 754 473 158 453 56 324 505 283 34 372 800 139 794 409 574 892 900 475 
659 247 999 771 720 792 577 252 106 624 240 666 665 985 887 338 504 857 581 666 
730 450 405 266 602 537 321 179 211 46 647 311 426 3 849 450 305 561 120 719 
782 871 585 574 899 413 155 972 102 664 399 763 316 822 921 676 930 996 294 642 
676 398 758 321 401 472 396 311 831 346 540 289 155 985 829 369 540 12 735 879 
401 579 286 30 671 903 727 665 551 174 474 405 872 734 1 784 793 916 272 578 
353 637 958 723 67 564 899 549 524 933 290 188 135 659 265 731 35 469 454 225 
987 77 564 388 230 340 703 980 792 720 821 252 761 192 53 708 877 258 204 154 
851 834 45 258 954 614 696 907 177 799 527 508 133 299 605 288 320 545 680 814 
808 620 489 643 774 276 994 396 856 905 255 303 122 641 175 841 256 740 885 141 
767 838 394 363 405 854 349 880 773 572 310 421 695 704 367 146 712 888 740 332 
30 394 741 428 767 251 721 922 123 455 469 330 542 875 294 334 666 574 419 484 
821 223 222 329 759 483 717 926 727 230 44 754 102 804 221 505 52 528 675 340 
849 525 571 448 71 860 187 587 230 717 312 732 760 496 307 995 287 54 443 465 
803 308 377 601 992 265 896 55 71 376 588 935 948 376 876 17 753 785 363 60 
624 817 699 801 486 897 11 338 783 98 323 554 292 331 540 198 604 791 678 141 
522 899 36 940 915 782 787 564 819 844 363 8 361 140 429 410 495 664 38 670 
430 716 842 297 306 11 357 339 290 287 46 443 932 240 853 745 390 871 574 234 
871 267 758 223 399 460 685 128 580 542 117 999 166 599 826 343 862 796 603 743 
851 9 424 113 892 745 892 977 533 893 149 946 804 255 370 122 379 514 596 529 
667 10 232 30 838 322 507 115 806 406 919 290 301 101 878 920 364 492 36 649 
720 751 65 932 345 976 47 280 693 317 930 271 981 54 926 858 814 44 61 654 
515 992 664 789 873 755 877 407 371 369 723 243 239 396 818 737 128 870 966 506 
414 79 326 322 347 88 231 812 606 582 999 6 38 516 223 743 783 890 536 199 
769 162 113 862 898 205 775 680 544 881 255 766 364 822 368 656 187 873 205 75 
247 104 777 533 413 136 539 353 160 939 836 695 550 230 927 842 649 138 177 161 
353 920 601 422 280 459 745 867 991 833 229 599 447 130 492 907 122 516 45 673 
882 758 708 839 466 132 373 680 965 811 439 892 379 405 949 834 883 22 321 555 
77 896 642 424 367 836 112 878 867 826 965 297 511 555 950 191 173 933 986 31 
996 423 154 362 583 718 802 984 876 663 367 398 135 29 338 359 920 445 780 440 
794 201 10 672 590 658 771 552 855 433 22 784 111 527 250 370 219 516 153 554 
642 885 260 390 916 865 237 67 464 375 281 201 806 48 220 175 878 282 18 569 
65 936 531 449 663 100 830 797 376 190 249 920 15 546 552 530 235 845 516 444 
272 624 38 543 407 976 892 413 817 460 947 899 953 713 351 236 914 932 942 65 
742 870 435 848 578 924 970 203 814 375 911 779 905 544 420 164 4 865 810 618 
598 881 688 44 968 310 810 817 882 471 204 376 606 418 7 340 362 116 346 496 
132 367 877 823 834 145 594 303 231 867 318 487 325 350 310 822 927 237 797 254 
261 983 173 10 550 203 52 19 81 106 921 649 37 935 431 488 514 250 745 49 
391 797 14 643 86 30 760 57 476 511 455 309 269 386 820 557 528 329 218 974 
430 997 343 143 209 997 380 847 83 106 625 960 852 280 61 102 721 200 388 651 
329 884 954 133 265 490 982 155 90 404 875 220 857 247 899 536 696 907 485 435 
660 546 161 983 47 677 569 880 214 491 650 822 797 611 715 879 593 149 678 484 
318 4 180 933 186 430 54 934 842 287 601 484 581 522 154 67 6 778 514 850 
301 192 483 330 791 454 724 554 813 643 258 302 195 976 856 753 762 11 143 521 
824 265 73 82 630 338 115 246 362 951 58 347 398 175 391 245 289 603 453 166 
701 606 322 147 232 137 341 713 375 38 143 488 184 939 269 318 807 721 893 863 
579 766 686 404 673 200 589 417 866 827 934 348 481 557 39 866 311 807 635 308 
34 214 206 643 531 140 348 671 328 449 511 270 418 757 145 211 975 610 398 309 
930 558 685 194 361 63 985 388 911 42 227 426 195 61 587 34 74 971 495 318 
857 952 634 668 773 502 968 122 366 407 313 394 953 268 253 194 461 885 679 416 
40 634 165 420 531 289 22 326 315 505 613 129 274 15 334 32 373 311 182 721 
127 941 471 687 543 164 508 68 421 367 514 734 610 646 520 801 928 891 49 422 
432 86 471 603 675 310 554 186 243 697 369 214 755 685 880 52 604 191 274 927 
561 741 985 902 829 111 85 777 724 51 913 842 823 490 20 465 372 92 182 731 
774 443 369 507 192 463 491 361 872 29 705 43 650 822 837 793 505 797 747 949 
237 769 737 115 330 68 541 373 126 275 211 42 189 839 47 968 600 987 896 103 
219 862 670 688 438 315 614 590 511 744 115 148 469 933 583 616 552 837 338 374 
143 353 809 343 546 139 291 123 122 320 792 237 277 610 372 759 894 277 571 790 
85 424 356 366 171 318 83 497 457 854 202 980 153 711 783 403 500 104 12 894 
813 647 819 339 815 929 496 79 435 418 68 199 532 884 359 988 7 749 582 454 
612 908 717 864 258 853 582 301 3 998 147 664 483 40 488 298 431 978 525 704 
923 266 643 635 757 606 108 397 392 10 63 264 651 762 260 393 852 867 830 893 
143 53 887 514 619 155 256 9 326 654 193 547 208 775 237 762 494 804 74 833 
192 933 384 14 37 679 463 95 237 728 254 115 72 4 753 683 461 768 915 449 
229 589 796 751 585 943 669 18 545 503 218 536 950 5 574 801 66 426 213 963 
703 69 758 216 6 325 216 339 929 310 432 136 770 919 583 620 566 428 928 461 
76 391 827 603 730 300 307 568 170 276 959 611 217 571 423 451 529 990 309 810 
159 799 951 440 879 284 898 154 646 772 113 619 89 963 446 897 508 776 127 803 
310 701 405 890 267 800 897 693 289 712 856 657 503 369 721 200 83 291 340 514 
467 871 494 98 646 149 642 603 245 282 522 538 44 445 510 805 253 748 75 820 
70 939 168 63 761 45 398 641 974 285 998 787 956 439 519 124 413 915 240 208 
115 714 83 886 533 220 26 294 23 457 422 794 649 854 350 677 718 667 813 762 
511 114 287 526 953 147 509 392 117 198 855 752 975 928 346 734 769 777 730 220 
713 85 346 119 472 683 761 74 836 498 671 339 488 898 576 674 282 946 656 679 
390 438 128 579 433 59 720 282 577 70 190 376 67 217 894 610 52 80 322 758 
332 156 83 765 992 189 97 871 447 213 327 608 856 810 955 354 10 668 253 811 
611 785 693 16 885 253 218 627 198 974 672 393 335 607 570 670 15 346 265 917 
473 908 299 275 811 228 791 740 744 668 168 608 129 651 856 255 111 481 719 610 
852 29 548 572 491 940 755 769 309 163 592 77 526 647 987 928 311 338 813 329 
589 89 562 41 449 595 550 202 442 541 829 7 24 644 870 118 594 363 975 851 
530 470 311 774 295 861 448 288 316 829 524 338 479 315 170 559 493 283 136 131 
484 960 459 115 553 493 653 711 186 971 438 254 863 300 446 360 613 407 146 690 
314 821 149 214 568 852 441 617 780 649 302 473 134 620 626 6 110 678 401 31 
797 678 455 321 626 956 812 884 598 958 184 711 162 706 239 565 687 858 622 519 
126 134 223 356 665 519 289 598 505 112 412 151 98 586 587 12 436 480 250 785 
516 304 74 541 546 611 67 696 651 542 210 578 482 610 868 69 867 777 513 53 
305 907 235 303 513 848 425 296 277 414 320 967 149 661 969 150 755 401 233 301 
262 536 37 184 98 757 228 131 982 636 537 146 446 447 217 181 450 272 42 988 
198 504 909 263 427 63 661 50 374 213 824 311 231 824 342 812 53 687 783 686 
929 687 474 662 232 83 956 411 460 18 149 680 77 532 161 432 796 660 117 599 
121 148 953 43 22 742 773 939 563 319 111 343 147 409 612 464 263 905 76 776 
617 365 331 277 164 250 245 394 386 726 178 167 246 281 755 747 779 513 388 127 
140 774 970 100 222 635 878 728 971 271 994 757 440 715 812 994 770 916 353 766 
308 187 92 434 132 491 159 134 862 946 112 247 129 908 216 424 257 85 73 406 
156 278 150 760 666 586 759 823 270 752 468 91 354 19 282 158 226 321 116 541 
615 41 52 947 472 81 426 936 268 63 940 531 683 222 703 124 941 851 444 837 
178 488 295 841 300 392 508 645 578 356 299 302 599 310 182 956 714 157 504 726 
23 760 96 910 14 206 677 110 666 501 317 419 301 122 97 184 602 521 243 742 
531 684 243 379 516 457 886 313 463 735 841 273 970 490 564 967 446 768 282 144 
225 186 695 497 279 623 931 681 236 277 63 610 333 593 669 196 127 305 725 67 
392 153 85 986 541 915 241 599 572 250 52 881 683 368 845 543 888 926 109 355 
858 421 951 720 760 643 625 800 569 728 363 112 75 481 214 735 848 356 967 549 
886 661 779 601 550 633 133 110 432 9 198 391 36 761 68 320 188 129 414 7 
496 788 639 658 850 296 921 554 755 181 685 641 182 49 48 281 324 987 335 757 
583 46 790 900 627 529 445 738 593 85 133 489 246 902 266 921 955 677 465 867 
807 181 283 708 850 197 930 592 947 486 404 661 845 718 38 458 165 76 755 383 
15 277 365 614 369 301 667 963 160 906 356 865 530 502 986 661 348 163 58 902 
349 844 396 5 554 977 350 801 635 571 614 902 862 745 487 215 403 643 835 626 
368 301 130 596 133 406 730 956 499 665 552 436 904 123 542 53 878 975 621 58 
6 607 973 792 606 499 667 516 563 934 705 829 11 151 348 36 577 278 322 594 
422 232 91 185 670 277 483 613 818 135 76 820 692 358 728 859 552 282 559 435 
280 536 854 37 656 248 594 162 732 318 211 422 375 360 612 997 454 840 730 806 
972 619 427 143 791 888 648 921 834 341 614 822 972 695 498 257 705 352 243 805 
456 686 485 296 141 49 538 952 512 5 204 527 541 553 177 940 685 615 677 410 
958 429 70 684 734 243 28 809 621 727 928 493 356 357 175 152 640 35 390 291 
316 779 232 520 22 338 86 353 904 305 398 533 490 498 656 494 878 438 941 325 
700 908 536 986 415 892 417 471 624 789 176 181 554 364 783 306 510 110 939 457 
727 384 500 273 64 308 891 883 468 350 676 750 606 632 748 133 675 276 524 44 
141 288 391 719 826 238 232 484 468 740 80 713 346 858 151 465 446 818 320 411 
480 941 778 35 68 139 267 550 783 843 912 976 840 476 627 696 20 74 829 662 
890 838 572 51 705 391 854 714 934 958 510 566 874 521 502 749 644 173 590 243 
443 513 476 378 503 337 429 296 168 360 763 65 671 514 808 326 964 697 521 478 
727 694 286 301 59 59 673 467 727 214 469 614 271 400 913 978 675 286 901 935 
54 472 564 924 466 617 131 555 963 447 241 452 553 731 264 191 657 338 58 613 
77 245 143 830 99 126 399 48 804 781 938 422 911 906 472 783 837 499 750 449 
526 592 206 181 740 741 83 277 277 800 835 619 751 451 181 148 975 44 980 869 
867 476 157 492 417 277 830 266 639 480 56 648 157 741 551 520 215 899 407 525 
440 467 49 998 939 57 406 822 163 786 811 568 206 836 502 345 6 554 927 774 
328 151 538 720 880 158 53 333 741 119 389 833 416 20 926 573 595 252 899 734 
608 640 754 817 767 989 403 574 20 593 619 18 192 73 404 394 631 387 591 333 
139 583 277 257 927 723 562 712 341 503 531 228 4 14 546 601 789 103 87 466 
789 834 9 23 351 311 421 861 795 163 990 542 370 676 270 315 907 728 460 328 
563 705 199 343 496 667 330 679 111 849 32 5 87 373 537 891 526 663 614 473 
274 807 482 226 922 286 129 689 510 538 765 643 780 793 823 743 677 481 123 659 
175 332 511 568 444 889 285 201 267 665 30 279 885 760 402 801 651 573 870 986 
799 547 797 964 344 440 578 324 121 222 116 925 20 464 819 994 531 952 274 678 
959 895 510 718 661 580 494 386 14 896 68 975 125 729 747 600 670 54 664 375 
86 10 142 406 214 589 741 515 307 248 403 292 51 591 613 462 384 947 447 717 
993 889 19 423 754 717 447 481 8 547 842 879 810 551 672 877 229 859 620 596 
110 49 973 858 125 34 996 808 984 663 53 842 477 918 812 186 165 727 674 6 
973 798 360 284 983 740 587 123 65 626 825 91 563 53 163 200 294 8 35 283 
676 878 511 818 651 88 95 121 54 862 308 960 245 193 489 894 276 520 175 7 
90 977 979 555 202 771 323 223 807 497 665 807 52 634 662 780 297 470 235 242 
333 348 404 902 336 850 294 246 40 724 595 937 272 273 499 697 547 370 213 910 
975 525 311 997 991 321 754 944 265 946 929 960 130 991 891 400 359 162 95 804 
613 72 184 633 107 842 289 927 566 835 466 253 173 547 188 396 287 683 210 534 
538 826 824 680 253 256 104 174 24 489 3 190 546 636 917 128 995 516 812 580 
212 806 354 324 915 60 305 244 715 122 558 87 628 696 665 668 262 727 556 649 
572 159 386 958 303 607 875 997 400 95 789 920 347 811 92 740 8 64 389 405 
267 389 735 987 414 106 684 419 398 803 863 632 379 307 405 123 868 531 617 361 
83 186 731 140 356 425 1 197 628 759 497 744 847 587 853 392 842 880 136 589 
883 542 816 939 422 734 708 93 905 838 808 418 170 62 639 359 304 418 808 397 
479 81 940 516 647 709 895 240 991 580 301 763 622 118 847 699 203 280 270 973 
62 313 751 914 159 267 840 393 701 372 418 662 169 774 55 906 4 99 486 82 
469 965 484 220 272 828 566 351 364 289 20 562 900 860 160 369 72 617 615 219 
812 760 607 551 602 13 666 792 236 221 193 711 484 602 13 400 399 320 914 415 
839 305 750 285 265 270 384 149 303 360 572 740 582 174 558 473 282 711 692 216 
416 658 921 765 613 492 7 672 93 594 550 652 702 912 434 796 382 921 721 936 
74 551 574 556 402 790 327 378 313 588 6 682 993 115 518 198 494 443 75 867 
353 538 231 669 552 357 379 682 996 843 803 649 675 447 277 428 415 975 683 764 
327 796 807 317 469 649 471 970 832 926 385 441 162 695 664 154 125 233 143 916 
297 885 437 57 529 809 58 579 447 378 962 207 861 990 16 713 726 970 676 120 
699 223 592 83 954 890 887 36 221 564 311 708 927 551 72 7 588 363 389 625 
305 303 211 57 745 332 880 926 394 606 134 536 0 812 912 872 376 371 652 89 
471 342 258 888 508 465 100 355 940 645 462 879 709 710 583 980 181 716 136 868 
91 975 789 578 701 214 50 352 292 506 816 404 109 134 81 523 346 834 480 38 
969 89 491 580 667 839 173 720 663 543 544 452 575 147 456 455 372 381 270 459 
782 14 643 842 662 174 739 66 960 523 652 766 427 469 23 896 331 121 950 795 
57 181 655 446 896 244 128 454 947 537 555 594 606 969 572 581 563 196 609 671 
854 981 625 869 362 226 552 923 605 342 754 39 521 501 45 616 13 40 437 871 
124 410 218 548 44 865 916 876 770 745 162 649 747 542 887 147 958 840 134 222 
73 868 136 828 121 881 548 892 102 431 118 83 270 695 594 114 520 479 627 991 
612 261 895 545 41 662 261 783 695 759 619 208 303 956 985 616 448 431 17 825 
323 667 619 8 512 593 972 402 210 779 831 271 249 991 792 758 583 151 980 201 
654 167 340 298 311 750 364 405 461 232 103 736 516 883 261 881 116 576 504 63 
739 85 299 139 138 921 628 688 509 167 220 673 745 751 428 298 330 745 514 970 
650 404 708 568 737 566 4 243 409 780 61 366 945 300 669 796 637 233 435 591 
563 295 259 16 249 704 264 714 574 23 778 704 174 266 760 961 794 557 447 416 
87 917 307 281 885 218 758 984 635 920 807 492 546 167 788 589 975 954 27 978 
404 318 141 6 489 644 980 483 639 352 903 799 374 898 164 935 296 749 789 761 
389 406 822 270 400 839 133 296 865 165 915 680 469 487 298 588 347 96 344 863 
745 31 483 105 630 372 341 152 664 926 90 31 218 619 352 502 822 719 799 890 
161 969 384 878 95 738 282 706 404 455 851 292 30 793 12 588 511 259 809 453 
927 900 703 936 577 526 294 226 189 798 161 898 470 37 683 20 292 630 69 465 
613 521 526 122 327 727 722 283 810 447 325 749 468 409 2 702 916 529 799 644 
859 726 4 392 232 11 84 16 819 381 738 976 524 830 184 402 757 42 716 299 
613 560 676 648 118 611 539 632 122 298 812 348 873 733 519 525 718 265 346 940 
651 789 778 432 522 422 130 571 350 760 970 598 609 494 900 222 231 483 43 807 
611 242 301 160 792 475 771 223 498 680 558 791 446 543 388 567 56 72 459 533 
588 329 173 611 87 112 829 168 70 657 578 618 862 505 721 66 319 658 767 497 
43 871 527 266 75 683 569 663 708 829 828 889 469 551 117 618 861 551 784 645 
115 581 919 1 261 502 625 746 909 409 852 664 889 192 390 220 394 137 32 848 
360 173 845 94 139 576 1 212 652 379 413 974 294 127 946 972 487 83 516 502 
468 671 314 54 100 265 770 437 707 416 898 256 490 624 445 372 261 446 434 528 
245 972 83 170 287 750 949 324 53 670 691 640 115 813 848 842 180 915 549 933 
998 922 623 337 644 438 52 572 411 783 664 246 255 905 723 945 222 795 621 160 
301 352 5 623 418 251 255 516 625 238 932 813 771 173 606 387 500 838 652 5 
149 867 810 127 129 28 284 867 907 190 69 433 944 489 35 308 929 593 510 573 
300 66 849 948 210 810 887 940 268 89 482 607 250 332 704 705 381 155 207 273 
134 519 267 334 990 712 917 14 647 262 230 356 203 199 788 835 948 824 916 382 
523 887 41 546 941 161 283 599 426 839 492 890 680 950 599 135 584 87 42 989 
23 804 206 986 327 476 260 664 599 329 778 640 441 200 615 919 427 993 891 966 
440 672 394 375 463 538 626 420 396 484 595 641 718 417 567 893 337 706 498 326 
228 323 204 187 494 500 516 981 597 285 743 512 503 677 193 310 692 461 12 318 
467 208 15 843 381 886 920 591 423 897 829 866 348 392 328 342 754 994 81 917 
555 149 768 20 455 920 195 209 256 13 828 36 438 835 767 626 108 347 442 368 
379 633 302 494 989 774 694 897 661 92 670 837 389 817 229 283 40 663 493 512 
953 307 91 558 244 677 106 183 211 591 21 822 363 162 525 417 561 525 951 28 
719 776 898 319 635 336 799 476 66 443 442 121 641 647 152 181 420 317 777 400 
915 532 648 99 833 539 361 931 758 359 459 920 728 463 173 331 510 179 862 479 
637 300 647 334 319 152 308 743 640 773 84 631 498 128 492 423 612 254 931 332 
422 107 681 604 624 536 161 535 516 403 601 324 530 474 511 374 202 831 958 935 
567 99 586 852 850 300 360 792 820 833 914 77 912 952 257 352 944 957 316 525 
535 718 912 516 511 708 992 930 260 813 447 682 537 88 99 501 145 16 469 56 
944 773 478 782 500 199 933 821 750 348 886 53 965 652 100 942 253 788 234 313 
604 808 759 530 181 268 768 412 241 668 907 302 306 306 121 525 210 272 163 138 
476 374 72 333 888 623 805 962 725 928 15 835 866 952 749 798 965 134 457 417 
208 695 937 235 289 167 289 780 746 946 739 815 152 667 937 743 599 933 146 321 
493 849 524 433 126 967 450 583 953 456 822 970 568 962 695 333 645 365 990 714 
795 887 166 605 876 363 499 355 610 240 812 2 727 542 819 505 144 923 997 596 
271 504 309 689 56 686 262 391 959 573 257 192 496 109 283 339 574 334 331 631 
416 550 435 837 657 969 676 846 664 782 7 557 184 751 89 189 392 201 54 974 
109 37 914 468 430 517 107 929 776 187 267 733 659 759 54 435 117 592 895 477 
182 390 663 266 484 941 656 479 744 427 430 268 112 437 504 33 934 367 830 296 
841 36 931 52 266 349 581 715 2 613 834 280 802 644 94 300 331 553 762 958 
960 710 623 696 48 495 900 764 256 267 747 439 729 495 434 837 77 991 337 677 
344 198 112 902 452 399 299 850 718 573 184 794 408 208 808 530 62 129 229 239 
628 481 563 438 463 381 217 30 916 636 514 97 935 555 599 847 205 561 455 812 
699 951 722 243 600 970 498 819 432 765 108 425 267 856 389 846 901 549 208 810 
55 661 15 64 239 862 192 852 579 152 610 235 467 376 663 794 568 932 149 690 
736 97 480 290 299 361 746 133 498 825 358 206 751 258 849 209 480 29 346 44 
384 853 219 942 743 576 392 862 24 614 88 815 380 789 546 659 606 852 26 478 
310 767 643 484 402 811 663 245 250 474 5 247 34 464 915 765 382 479 13 792 
896 424 52 411 910 475 993 587 746 537 564 902 690 672 833 67 465 519 282 427 
509 579 139 214 771 833 665 385 767 516 653 318 329 353 184 773 396 58 838 522 
33 744 32 743 124 644 181 307 309 935 402 555 977 769 506 624 441 999 382 561 
188 857 232 410 913 819 269 205 48 945 585 145 458 920 47 880 629 683 738 485 
980 268 126 741 46 899 890 853 414 820 386 293 228 172 695 196 458 820 498 396 
833 513 761 759 692 867 97 737 125 828 109 576 48 76 502 410 869 635 100 670 
737 574 867 430 303 638 10 194 754 941 168 505 159 642 687 364 697 271 613 819 
293 393 625 716 527 807 379 529 500 71 664 74 210 358 428 362 429 862 632 694 
275 957 54 772 194 948 706 656 344 173 364 173 715 120 636 738 347 959 853 378 
757 344 973 689 313 388 307 28 454 798 346 72 708 694 501 285 706 782 651 492 
721 500 294 623 273 26 822 633 954 986 355 782 126 790 371 603 742 535 153 441 
58 524 191 934 724 398 797 373 63 2 682 191 132 534 522 842 445 631 584 857 
478 394 262 876 857 17 764 65 641 489 21 163 753 698 928 50 445 134 101 979 
465 198 678 698 329 905 504 277 545 422 114 259 30 341 286 108 332 601 309 554 
138 360 72 529 419 942 180 883 670 622 518 288 176 467 79 188 280 134 177 456 
484 161 859 613 402 571 82 471 233 389 193 407 577 309 177 723 0 848 524 290 
951 166 255 98 364 640 350 997 705 861 45 684 469 38 596 930 370 254 482 268 
607 966 390 423 214 456 313 474 736 50 96 126 56 725 161 987 190 519 675 853 
469 78 323 344 78 822 52 839 926 605 887 579 102 884 132 330 593 432 632 285 
540 611 287 335 665 845 795 307 948 174 333 253 186 665 332 596 486 713 284 438 
974 727 409 100 893 199 676 552 635 63 157 741 314 634 514 629 978 956 286 25 
535 183 861 780 689 85 799 680 165 415 836 214 706 149 31 536 526 471 70 674 
546 755 320 736 868 960 984 345 339 75 473 117 912 552 515 250 491 459 861 149 
955 135 811 119 458 679 146 134 912 227 81 439 680 573 194 944 72 397 930 746 
148 642 301 639 869 866 878 408 318 259 829 562 528 818 33 802 319 549 553 991 
492 36 342 591 907 629 795 885 400 25 303 329 646 680 658 191 800 372 790 389 
652 541 352 96 852 912 887 766 55 342 925 210 840 898 900 963 781 459 474 317 
850 123 152 212 895 799 767 918 928 360 884 561 651 785 22 166 567 65 317 284 
187 763 110 511 829 85 436 386 300 951 760 618 96 780 244 213 104 797 333 276 
540 84 280 917 157 286 70 572 538 733 682 482 916 637 827 854 931 373 813 84 
218 112 357 707 337 749 908 844 466 523 627 799 294 73 889 448 529 765 601 586 
67 804 743 722 888 370 204 280 218 505 224 977 198 303 304 513 373 356 496 543 
619 481 634 801 909 55 648 2 807 758 662 329 219 437 444 524 505 26 546 140 
827 499 349 914 424 772 585 579 836 825 311 144 421 295 674 905 473 798 284 660 
246 689 174 0 195 297 520 334 845 559 261 98 260 569 427 671 456 119 593 457 
958 726 290 943 943 172 778 280 602 269 14 892 320 334 928 39 489 248 267 762 
206 199 932 363 319 436 954 182 910 64 824 547 803 289 320 162 472 210 82 173 
816 942 845 637 180 357 197 735 735 426 702 647 867 140 784 918 402 860 684 385 
314 446 717 258 499 20 82 723 514 391 899 376 163 559 42 988 498 541 53 919 
91 471 401 222 20 156 681 595 511 32 390 535 644 226 817 845 542 925 280 169 
484 516 413 457 827 297 197 971 91 23 279 735 87 990 963 878 377 607 662 771 
477 186 179 656 92 484 611 573 724 980 873 277 318 808 983 833 289 140 853 537 
293 59 300 104 850 96 245 239 561 511 639 597 964 984 873 933 370 652 692 320 
741 899 149 982 400 77 842 463 627 39 115 102 353 257 411 560 804 869 894 322 
951 235 701 841 699 131 320 941 566 282 596 209 50 200 581 148 562 481 397 83 
754 148 342 707 39 648 85 650 741 429 47 605 832 802 272 511 548 67 161 721 
521 581 962 437 473 301 505 567 316 837 929 510 415 657 223 623 496 546 433 691 
284 96 400 194 245 517 255 696 902 735 60 7 57 39 374 54 436 192 744 728 
462 313 894 639 720 263 397 514 922 453 208 389 123 693 672 657 446 644 659 795 
289 281 936 161 912 870 754 579 425 530 611 278 713 197 851 838 847 862 297 741 
663 458 569 919 314 550 71 25 603 263 899 753 533 351 502 543 804 803 499 916 
530 546 745 561 227 361 73 628 34 621 915 823 277 769 85 842 207 961 598 186 
636 573 264 825 826 634 493 367 439 525 580 209 669 906 275 82 149 100 167 536 
891 910 498 512 78 713 428 956 291 263 813 260 682 663 986 579 425 18 670 83 
431 774 675 451 596 776 121 808 840 296 917 866 89 671 14 185 56 740 981 911 
350 456 995 296 555 974 168 127 184 127 280 67 382 172 336 410 662 597 226 100 
106 947 285 539 899 745 297 913 421 416 233 131 768 115 217 733 57 64 554 358 
24 88 132 317 643 232 988 700 515 241 558 244 973 406 333 482 427 12 896 464 
828 662 79 351 762 17 575 243 666 613 65 775 2 534 58 603 942 818 998 947 
171 388 575 762 911 680 533 703 376 856 622 535 917 518 824 619 146 907 955 123 
384 655 261 890 700 66 145 548 295 146 608 86 14 686 290 29 146 363 534 754 
514 396 608 213 776 912 179 295 802 567 736 900 122 108 573 296 304 554 505 473 
397 320 463 902 188 750 746 422 45 933 88 732 441 954 481 50 477 123 193 748 
208 517 84 494 7 246 378 360 364 606 44 161 627 795 854 418 741 701 4 708 
263 455 122 812 357 888 119 526 4 553 162 729 678 479 960 521 385 227 388 530 
730 32 688 556 646 684 242 738 249 931 619 815 602 417 740 715 63 527 498 50 
93 952 181 230 123 211 811 526 583 563 26 567 617 446 853 762 263 147 198 814 
192 800 469 904 845 355 384 472 653 471 780 957 928 193 826 323 518 443 646 980 
841 888 588 238 304 897 748 812 502 768 464 839 810 404 154 294 528 996 668 123 
592 287 450 744 909 571 778 625 673 637 192 284 919 417 11 927 673 705 140 969 
139 483 192 852 248 342 604 697 563 118 384 92 944 513 255 369 653 664 357 63 
995 530 506 533 489 557 639 795 667 694 518 121 631 579 639 669 176 952 696 289 
918 151 197 44 70 491 960 722 454 702 59 878 260 825 899 983 207 533 223 544 
598 424 162 621 648 2 773 187 404 304 176 711 937 648 410 722 160 230 128 315 
361 575 18 85 4 732 940 818 946 921 388 425 842 654 375 212 311 510 897 77 
802 743 972 690 485 513 736 182 544 546 573 658 335 217 781 548 667 425 757 151 
24 953 933 299 607 954 22 102 493 520 28 859 308 580 340 722 104 1 295 257 
613 455 135 657 623 220 994 907 985 353 197 557 210 212 531 272 701 322 918 428 
745 32 749 62 224 97 791 696 323 26 846 626 54 244 911 912 848 298 18 115 
62 700 437 5 25 635 29 527 532 799 440 253 298 701 125 525 456 380 629 427 
351 82 558 977 693 938 557 181 388 514 316 667 299 618 908 157 899 815 149 560 
805 392 523 801 674 768 323 936 667 182 647 660 378 554 470 78 185 761 752 922 
834 51 760 140 230 530 531 839 17 926 784 412 822 615 56 225 304 130 920 992 
961 831 197 833 582 946 799 778 250 745 897 518 993 982 632 116 920 598 553 338 
12 264 472 666 256 178 255 140 300 729 132 467 434 319 886 548 281 114 633 396 
440 122 719 282 587 195 849 797 570 716 943 103 963 247 621 986 76 370 591 322 
829 469 350 916 86 910 347 332 317 265 3 173 907 628 435 685 623 770 742 391 
442 517 765 509 165 177 814 581 848 143 793 707 669 536 302 736 981 139 467 946 
209 33 45 284 403 502 821 663 485 66 277 416 634 137 266 860 900 712 44 202 
974 489 380 696 115 536 198 105 479 511 695 237 461 328 304 57 512 185 908 80 
845 404 830 242 840 679 791 157 359 90 407 913 221 599 665 616 680 431 348 742 
76 498 734 821 256 791 732 828 346 157 984 193 287 384 882 477 822 57 403 791 
254 975 941 91 884 939 447 188 786 531 704 679 868 844 313 707 532 573 688 246 
457 634 130 721 380 798 393 807 707 77 263 154 209 617 561 423 629 707 551 827 
378 37 395 797 711 797 416 293 904 252 637 502 621 31 682 545 138 486 658 2 
919 892 946 726 832 151 353 373 719 608 360 181 312 500 420 983 134 36 818 750 
204 754 754 101 55 806 535 239 794 712 382 605 250 782 661 756 715 296 510 718 
250 82 747 986 196 362 188 670 191 819 88 331 480 896 320 857 965 381 842 309 
796 91 676 473 324 139 335 347 594 661 167 312 846 769 376 747 551 877 283 904 
540 832 281 526 997 78 23 900 465 453 242 419 41 824 61 773 597 250 385 836 
493 742 333 558 803 884 934 55 647 494 392 207 435 36 478 750 697 820 958 902 
729 150 936 928 639 535 929 449 589 213 91 950 580 851 423 629 713 540 366 38 
