586 622 869 531 865 232 474 473 977 78 595 982 911 29 507 286 474 938 811 956 
484 24 695 875 620 238 558 721 792 120 297 941 986 340 621 779 896 288 156 510 
945 515 608 422 964 209 250 546 859 635 266 695 224 846 248 721 583 114 283 537 
181 134 320 689 143 939 29 620 917 518 278 41 520 25 783 65 346 132 651 310 
133 72 901 479 472 229 790 745 813 413 998 865 686 856 518 415 937 129 613 845 
601 96 737 33 63 722 208 302 536 318 40 786 793 489 796 723 865 301 736 195 
134 389 271 798 443 372 354 226 712 71 780 727 698 568 700 174 93 396 859 470 
23 887 711 741 262 503 454 20 965 950 703 502 531 444 718 611 597 836 262 16 
973 909 60 873 202 237 305 481 362 129 296 241 909 328 465 431 893 16 893 65 
803 200 115 195 451 729 842 214 138 767 408 705 455 4 563 835 952 310 958 458 
479 144 734 230 77 423 373 442 500 846 855 196 491 676 363 290 502 611 805 623 
605 749 465 238 982 162 58 39 869 61 36 632 51 416 206 694 948 789 941 308 
757 791 133 690 686 296 577 826 989 140 813 799 307 197 73 815 147 409 665 83 
880 825 651 324 78 835 936 528 260 410 479 661 336 101 639 469 123 581 851 403 
607 579 267 109 942 897 912 427 165 215 624 671 225 538 955 877 720 808 428 269 
60 103 732 854 299 238 940 557 850 884 322 342 516 176 615 795 141 696 862 323 
716 806 758 684 456 504 531 124 370 423 378 628 940 746 484 30 640 884 422 153 
156 155 94 523 36 395 728 502 457 506 306 542 873 317 316 178 206 555 237 224 
811 216 530 190 573 53 487 127 582 934 891 634 944 180 775 81 720 612 64 752 
913 607 133 381 171 100 130 544 114 659 663 58 756 475 819 715 406 871 229 566 
438 196 740 480 662 574 941 945 207 955 197 777 149 112 199 159 74 258 384 350 
669 80 138 66 148 400 998 66 967 575 469 565 287 765 713 345 71 784 903 530 
138 768 592 377 45 195 864 757 438 577 686 110 366 219 30 943 787 943 939 51 
792 143 169 364 601 651 209 528 170 92 782 581 312 843 529 63 98 169 992 775 
352 56 460 901 549 2 370 410 937 737 402 119 266 150 327 227 13 845 214 963 
111 377 130 562 457 652 247 219 579 106 414 372 295 375 249 518 106 726 232 978 
559 396 498 590 85 772 143 672 849 251 366 995 287 583 235 496 229 188 500 638 
304 983 3 733 444 503 254 623 470 520 422 416 772 985 229 192 719 249 323 550 
903 62 354 375 400 790 657 895 213 121 462 984 170 70 296 529 902 782 723 520 
616 110 253 515 624 785 409 827 186 885 842 891 359 612 826 728 5 606 459 833 
688 805 198 864 848 241 402 225 701 77 864 922 368 290 237 92 860 290 47 274 
349 352 875 591 560 990 710 621 123 7 674 403 94 878 588 759 858 966 868 844 
33 700 165 717 559 682 925 987 615 446 199 715 849 922 871 268 82 732 357 191 
932 33 303 424 568 358 632 20 729 783 509 363 323 644 537 128 332 512 839 63 
257 411 576 974 636 163 246 559 661 823 705 821 79 324 383 805 405 779 753 712 
68 827 108 854 850 883 477 92 679 603 233 976 779 563 12 517 208 243 920 899 
426 229 344 232 60 120 925 413 829 127 193 234 27 530 490 876 662 378 369 416 
600 74 636 872 172 725 689 981 373 931 316 741 504 368 451 784 684 726 440 206 
528 833 310 163 839 995 143 245 896 770 717 549 408 415 776 684 52 705 144 649 
17 825 828 568 879 102 322 780 534 276 175 864 351 545 353 251 742 320 131 338 
687 146 609 347 727 945 421 375 963 758 569 438 39 590 118 346 536 49 372 629 
274 276 115 860 306 127 922 585 827 736 718 19 563 345 789 537 491 816 770 695 
146 590 740 911 180 259 819 371 82 968 907 682 577 524 980 690 863 659 504 197 
955 307 135 711 749 657 352 327 182 12 601 116 305 888 552 802 193 159 299 660 
589 906 813 396 498 190 994 105 888 901 173 529 72 929 423 95 396 49 747 958 
359 349 584 439 998 20 559 951 679 521 965 325 521 825 635 402 565 504 652 186 
476 597 119 354 665 331 54 107 816 241 78 918 822 244 968 720 787 875 895 911 
14 571 891 893 575 668 965 973 691 300 884 196 579 243 959 931 766 839 772 242 
785 633 265 30 756 175 433 270 855 715 49 570 652 204 955 293 839 59 354 789 
491 241 888 264 918 711 357 850 720 846 57 484 472 377 651 63 584 991 930 193 
850 861 397 759 595 843 774 100 327 606 404 633 501 823 369 238 68 625 865 879 
182 576 356 378 276 769 630 888 347 372 149 387 349 241 202 183 386 514 164 523 
521 133 369 770 730 606 767 989 302 362 690 427 585 390 926 956 454 393 552 554 
91 527 512 465 855 840 546 953 882 376 213 722 524 912 90 799 265 54 489 949 
122 440 89 542 975 406 687 273 28 977 282 517 410 334 716 606 32 552 931 822 
250 581 512 416 440 431 295 961 506 159 985 272 890 133 743 215 874 650 367 714 
113 1 876 336 512 203 657 8 241 723 446 950 434 721 622 813 998 395 832 439 
165 745 365 203 430 391 913 775 186 208 126 846 818 393 973 515 843 373 502 127 
1 447 531 904 226 380 607 682 621 954 900 58 963 4 86 177 260 920 754 493 
821 234 932 102 649 298 871 432 701 987 389 980 64 502 281 124 963 279 267 47 
662 245 589 513 235 192 500 719 294 334 537 746 5 479 416 866 805 306 912 636 
925 183 956 303 575 646 378 459 988 968 138 723 167 85 337 909 325 165 767 848 
908 771 117 621 273 295 19 849 414 995 633 554 132 0 348 391 69 89 156 165 
30 832 28 15 346 504 937 758 658 380 14 370 636 510 7 543 706 98 149 252 
765 619 386 16 553 542 677 565 850 486 768 905 287 88 712 787 335 288 837 211 
201 819 875 349 944 351 71 880 695 903 718 298 377 188 643 494 892 745 327 632 
311 709 790 216 577 550 703 390 732 132 836 61 3 603 180 874 759 774 293 103 
944 560 837 771 626 620 531 869 238 377 418 729 611 382 614 42 492 100 17 736 
763 715 320 43 118 453 570 593 866 707 241 629 701 516 428 177 889 821 531 429 
685 574 269 480 766 273 519 733 934 216 406 994 883 167 95 230 452 616 116 105 
816 830 906 745 527 516 841 578 164 678 940 333 644 0 241 532 488 670 906 516 
121 212 894 588 941 831 786 637 684 707 932 875 17 271 865 380 525 670 701 62 
918 759 243 149 832 223 430 557 722 541 64 557 813 230 936 733 248 35 673 153 
807 712 328 551 877 70 814 405 112 691 136 974 772 848 747 623 283 571 900 20 
35 70 95 129 312 784 797 438 508 787 620 74 124 374 658 875 661 555 337 29 
15 355 242 682 48 713 411 368 572 44 218 641 924 889 527 679 4 145 941 966 
121 311 146 335 483 108 704 314 96 198 834 403 506 503 618 345 993 34 778 643 
587 171 226 163 347 615 938 528 816 257 568 70 952 815 588 49 813 92 58 122 
606 992 128 321 401 341 833 611 16 11 513 110 993 310 194 123 426 78 94 939 
221 360 918 830 720 419 706 431 817 637 746 116 544 839 629 212 597 910 495 458 
987 756 168 609 533 423 203 544 977 791 348 281 770 758 662 581 146 763 76 410 
511 119 830 63 653 628 863 150 533 83 644 347 405 365 647 317 31 836 765 11 
206 19 636 329 791 891 282 683 341 935 930 481 223 514 576 827 373 696 15 615 
193 563 128 1 531 151 974 122 320 175 664 596 787 169 86 268 692 263 920 985 
113 168 852 853 826 863 286 994 609 362 316 262 874 653 994 466 951 872 60 551 
543 663 955 698 320 936 106 690 658 442 529 431 430 516 545 605 503 572 465 938 
656 393 424 84 950 723 796 742 784 505 634 469 692 587 359 670 331 930 63 58 
952 596 29 916 957 645 66 994 751 346 888 59 738 775 577 785 808 740 820 926 
238 243 81 219 0 605 172 191 742 742 607 245 382 494 843 897 285 969 591 612 
840 489 533 550 544 171 672 172 677 504 91 602 522 724 670 482 545 204 122 198 
472 643 808 530 301 734 596 86 934 658 952 762 892 674 182 322 153 997 421 997 
799 414 137 841 235 574 724 881 722 936 209 650 298 427 91 602 908 750 721 753 
121 254 796 621 803 635 52 385 341 348 192 349 261 168 989 580 673 96 754 913 
928 953 169 764 227 29 231 20 411 36 312 661 685 591 661 4 11 174 863 464 
812 74 705 260 696 597 649 938 292 577 87 482 413 239 241 315 427 905 662 985 
331 226 809 592 466 412 969 904 806 689 375 313 967 934 799 401 279 598 619 596 
245 755 940 131 736 378 866 568 762 655 862 641 267 478 782 123 696 445 961 184 
484 182 12 12 365 441 436 85 730 129 908 25 612 581 649 813 698 18 292 347 
721 399 272 235 827 322 373 85 304 633 301 117 419 484 5 825 727 785 926 31 
849 519 724 186 167 223 134 887 713 407 431 195 559 706 844 959 236 885 696 335 
609 602 5 383 533 258 323 647 772 143 469 600 749 696 314 831 80 65 506 818 
743 394 771 753 389 590 258 111 493 591 829 520 164 959 904 533 57 2 366 790 
308 371 619 328 549 349 664 503 214 171 159 13 292 121 463 612 785 284 474 392 
374 999 125 313 912 296 23 64 536 43 342 895 143 78 815 86 985 836 956 467 
362 357 139 289 174 333 468 157 253 468 107 917 736 199 439 873 493 350 202 807 
57 541 659 394 478 550 848 458 802 814 183 82 778 119 151 798 751 143 178 99 
457 807 894 204 513 646 61 689 475 143 169 307 484 24 764 974 976 292 95 670 
55 772 1 893 112 937 179 635 695 726 793 871 524 411 155 413 420 396 85 201 
355 844 772 211 65 84 306 44 693 793 124 279 112 565 642 307 172 972 166 72 
220 321 945 160 973 610 866 577 942 570 808 176 556 373 211 576 753 145 437 875 
614 220 319 328 654 576 1 453 997 366 106 951 624 538 537 984 23 179 355 440 
953 886 566 175 198 867 805 633 651 696 45 460 722 956 415 958 672 327 16 251 
787 480 877 589 979 48 211 844 815 645 69 313 796 361 359 941 794 908 531 719 
336 127 290 814 321 139 574 724 166 401 357 108 902 891 248 645 435 122 109 38 
191 682 809 221 431 915 994 851 87 762 413 346 998 591 763 746 252 48 538 816 
753 750 201 528 399 85 571 717 922 634 344 350 919 481 264 291 827 997 17 464 
445 443 131 433 839 377 866 320 441 714 404 602 55 853 156 200 261 72 854 509 
215 751 299 659 157 914 239 596 799 421 170 669 701 417 252 5 907 603 197 391 
819 619 156 555 779 560 405 676 168 539 688 438 331 9 328 30 763 69 129 79 
171 69 238 378 846 131 930 797 24 687 629 71 703 994 897 91 170 86 566 227 
960 157 786 256 669 8 517 623 824 250 981 325 616 419 973 222 104 176 435 882 
560 179 2 498 111 215 85 497 558 176 525 382 638 512 749 890 869 716 227 317 
517 977 426 325 581 785 630 162 788 434 928 275 731 929 659 597 986 642 62 702 
510 940 139 229 434 707 526 908 651 397 786 320 784 218 985 481 594 77 435 413 
977 464 385 633 527 151 682 787 433 388 757 578 978 323 768 647 970 758 192 288 
48 684 794 561 195 925 298 62 960 273 882 216 143 506 742 716 486 895 885 578 
250 707 522 331 155 101 275 468 800 433 170 411 867 39 51 760 14 962 125 286 
294 180 436 66 918 320 214 763 223 736 589 898 935 144 756 116 848 651 30 621 
171 948 539 768 764 223 860 428 432 714 41 241 292 974 833 20 631 578 906 583 
899 690 618 308 144 619 517 723 106 643 831 522 260 199 964 557 404 133 566 334 
569 475 584 118 426 895 9 621 73 936 578 927 217 765 763 552 691 573 979 585 
823 886 519 610 169 834 229 82 298 495 177 270 241 294 568 590 481 247 939 206 
661 266 806 188 961 105 554 469 858 892 671 5 441 485 438 118 932 950 238 288 
966 335 741 51 425 900 466 433 552 238 801 367 41 889 822 397 923 686 557 620 
853 914 9 767 944 679 364 766 509 857 783 63 545 43 810 285 24 3 638 830 
280 836 41 23 488 339 210 995 512 548 773 588 42 957 761 457 394 467 648 832 
19 548 7 166 410 613 903 69 638 997 259 837 616 377 76 279 735 601 905 61 
911 331 242 54 491 23 278 369 633 523 76 855 814 0 407 230 785 564 510 59 
796 25 395 224 824 797 593 334 448 876 732 852 849 276 204 113 656 863 106 671 
580 278 166 393 638 171 368 830 671 320 157 398 185 910 764 324 944 97 250 645 
986 114 635 728 364 917 938 726 991 141 603 708 932 532 247 31 396 703 623 183 
915 600 109 791 189 694 903 419 865 875 437 923 333 413 910 224 810 927 925 573 
578 504 250 696 464 453 542 144 223 682 31 376 605 958 597 661 120 400 468 197 
482 565 51 905 473 620 740 517 83 275 918 125 192 586 415 490 496 736 853 597 
647 718 335 674 213 313 591 529 219 964 539 986 539 429 260 887 15 798 127 422 
621 527 867 646 538 466 49 890 660 216 178 45 892 562 630 981 684 649 97 402 
421 842 475 985 557 565 432 884 263 693 261 700 482 85 532 122 247 136 762 34 
365 18 791 937 111 949 365 72 809 783 556 777 55 402 830 570 599 667 671 472 
215 32 151 446 194 948 107 862 647 108 744 767 634 871 162 208 616 369 644 668 
461 361 448 478 912 996 738 758 345 497 352 485 801 759 925 933 899 715 822 437 
458 111 844 44 732 103 268 587 181 685 387 360 518 400 221 584 944 192 456 205 
716 182 356 312 340 498 599 841 751 748 342 669 633 783 726 455 1 106 124 826 
976 817 169 149 175 212 59 432 31 7 592 742 942 146 764 68 385 857 540 489 
981 846 139 174 747 749 710 304 100 641 180 700 400 829 920 906 469 478 185 149 
518 671 409 74 106 948 925 655 647 428 5 838 902 801 885 593 608 617 467 232 
994 994 154 9 709 769 686 448 914 708 488 120 140 633 525 312 293 678 162 537 
230 947 834 255 65 309 756 590 417 908 790 287 661 359 503 579 160 902 636 463 
173 712 665 56 561 790 138 209 673 559 298 131 470 438 755 517 406 130 431 316 
69 660 360 692 692 222 419 487 168 938 58 278 382 432 377 854 910 252 105 925 
957 879 428 949 632 69 848 271 333 88 560 252 388 827 670 312 687 673 598 608 
774 38 591 629 294 878 27 506 474 117 634 259 170 759 849 990 603 529 849 342 
103 607 293 133 127 343 875 882 94 862 471 836 784 882 765 662 667 888 518 491 
701 159 52 187 646 917 361 511 271 416 309 425 51 479 519 184 965 594 14 315 
602 311 975 323 633 295 458 158 112 904 489 81 736 604 809 22 731 370 268 95 
917 316 437 393 290 792 165 956 510 947 174 162 283 835 247 14 446 851 671 544 
242 429 85 806 186 195 703 556 153 38 841 279 980 795 25 990 706 467 57 490 
299 449 636 616 215 154 461 877 512 808 524 417 755 335 418 983 283 588 191 916 
879 138 626 694 132 567 521 135 38 790 361 82 563 902 728 45 24 748 529 135 
352 404 257 484 426 558 336 423 723 655 545 175 957 948 133 693 438 630 956 621 
795 115 910 123 462 249 970 920 413 465 333 805 342 97 461 391 40 634 494 28 
363 483 693 740 747 886 147 188 657 130 252 647 339 392 576 958 316 722 930 658 
631 985 255 158 88 790 617 658 692 395 213 886 986 146 914 732 618 662 652 810 
709 730 679 822 804 407 199 722 374 465 831 778 237 356 417 259 128 835 558 447 
558 809 854 182 609 396 841 375 321 590 671 287 979 6 398 161 105 238 122 344 
579 606 250 513 103 154 209 427 389 567 233 859 126 140 743 820 335 967 763 836 
80 581 662 69 242 285 153 17 999 639 195 7 572 721 651 662 877 91 991 775 
32 540 485 337 893 788 712 31 36 508 550 388 735 610 887 393 738 577 576 222 
792 353 464 688 384 835 82 738 520 943 861 903 608 217 737 30 434 450 563 999 
208 955 194 478 671 255 811 526 99 105 418 479 332 28 18 850 743 722 247 124 
839 551 650 506 365 350 300 429 405 652 902 6 812 156 577 427 279 155 402 754 
422 77 320 597 545 376 913 518 305 71 665 845 650 657 229 697 711 836 839 964 
471 523 3 49 199 176 161 730 336 86 363 389 962 614 970 327 369 172 941 972 
423 323 282 101 82 999 903 219 751 553 906 939 375 792 408 691 185 525 836 292 
321 352 904 232 904 122 248 62 819 562 397 515 840 364 624 963 806 983 248 769 
516 366 637 835 941 249 933 746 747 469 536 352 634 857 967 179 126 386 850 601 
760 754 314 244 532 532 340 680 110 547 575 602 735 51 592 772 466 288 596 286 
556 950 853 631 379 873 233 845 438 710 128 617 526 322 996 742 868 377 197 371 
755 993 470 463 526 905 146 973 165 364 916 712 676 130 501 185 277 736 886 870 
576 79 785 189 71 139 179 386 143 669 853 797 348 691 947 656 475 134 796 375 
958 300 684 144 172 616 774 245 823 847 846 456 666 227 878 574 891 677 639 575 
349 159 778 662 809 376 63 740 326 163 695 785 382 218 125 493 963 767 394 452 
826 740 769 521 838 36 583 900 257 241 887 502 407 742 870 772 603 80 610 299 
517 169 808 652 980 373 503 928 201 857 895 549 404 248 582 545 76 904 964 166 
521 501 405 615 163 604 839 114 968 203 116 942 650 239 530 831 144 549 50 944 
431 909 470 993 991 804 414 801 362 913 204 85 347 426 943 849 628 608 821 310 
763 209 77 69 253 212 300 587 810 434 269 758 892 627 126 575 795 670 897 280 
306 358 305 472 176 585 990 237 271 298 770 625 849 162 260 800 548 610 981 288 
459 244 402 610 520 699 529 800 334 944 167 536 212 518 457 784 527 376 2 530 
726 970 292 962 636 190 170 349 457 168 558 781 114 795 119 299 411 493 461 740 
210 320 864 374 78 355 669 188 464 801 706 273 320 368 581 170 147 557 815 655 
291 838 831 483 880 503 437 113 822 129 827 714 799 328 595 396 834 44 69 653 
363 691 799 265 774 452 947 200 646 55 171 444 59 788 256 985 404 617 267 901 
240 407 347 842 555 327 473 226 799 745 673 395 145 710 250 867 502 631 358 413 
478 844 718 468 696 402 640 56 646 215 563 231 545 343 165 958 480 741 578 207 
526 298 848 965 274 817 225 926 154 527 600 809 66 917 439 504 834 744 681 567 
342 210 780 998 546 170 777 763 349 130 262 548 957 527 83 92 60 646 933 83 
466 981 112 331 843 96 520 584 497 630 657 335 309 115 341 587 514 102 30 140 
787 581 381 177 503 704 986 375 593 356 781 234 941 50 453 259 319 39 183 299 
174 556 505 280 674 504 175 941 346 269 661 839 961 88 990 509 193 317 53 823 
736 171 451 834 939 236 232 818 552 0 389 962 280 2 745 729 109 323 178 725 
168 781 526 252 815 403 651 824 293 839 828 619 202 219 589 60 52 261 785 872 
678 533 297 981 392 128 784 954 831 42 517 163 270 504 297 180 141 180 194 588 
994 884 815 820 13 924 116 415 265 59 960 156 375 92 877 482 12 847 384 333 
135 39 98 502 100 676 838 367 276 604 420 358 880 357 333 889 203 543 920 892 
24 248 796 815 101 663 759 852 110 981 423 879 325 753 791 247 336 59 828 124 
563 227 96 417 232 843 55 163 652 162 393 506 708 963 919 937 391 597 152 569 
46 876 670 787 321 920 509 461 284 628 836 475 195 201 568 834 793 604 541 922 
15 238 662 66 314 19 303 945 94 310 696 66 642 786 477 886 820 179 364 161 
943 806 783 550 442 743 306 476 163 658 239 317 28 292 824 636 844 914 581 439 
833 586 303 334 116 185 84 419 294 932 972 458 10 699 474 419 818 899 360 461 
711 236 948 141 435 674 783 839 689 895 737 428 312 737 85 622 380 295 850 496 
61 482 684 721 108 394 304 26 683 551 512 165 428 481 286 361 597 570 875 252 
938 658 106 792 547 211 961 737 40 254 256 637 987 197 126 37 21 963 88 188 
939 945 978 525 2 59 827 818 649 530 940 546 838 883 146 354 331 288 52 208 
98 413 367 540 711 509 120 359 229 926 689 432 36 627 784 965 514 545 964 759 
271 636 90 882 333 394 967 275 535 312 214 890 553 644 132 770 489 451 763 591 
373 483 396 623 269 508 152 468 42 267 673 841 224 639 636 211 295 303 730 890 
808 995 575 360 494 195 162 537 818 885 887 196 556 587 81 569 407 563 348 275 
61 233 122 592 274 282 931 206 525 402 787 480 876 345 463 754 240 834 112 225 
273 44 59 127 275 636 504 949 601 370 66 113 432 435 294 483 808 215 759 403 
982 932 305 893 13 971 13 463 39 9 293 90 511 689 585 895 488 711 8 620 
779 336 275 807 789 777 62 91 983 381 944 521 859 347 574 688 803 847 795 903 
835 152 906 563 426 482 271 269 317 413 363 541 182 701 214 133 619 451 650 399 
737 92 46 608 970 89 536 529 373 247 879 284 197 143 199 948 300 848 430 40 
42 252 383 849 56 537 557 962 106 561 402 800 621 724 592 737 597 44 952 258 
163 273 842 836 924 78 612 958 421 116 342 793 173 957 77 88 36 516 246 118 
131 659 550 93 196 485 383 468 180 781 238 120 925 167 763 511 977 502 401 481 
619 141 22 367 616 9 733 441 991 142 730 986 501 818 910 719 332 183 188 920 
85 621 162 238 955 695 692 126 474 941 709 740 808 682 528 860 971 799 831 964 
875 751 193 206 185 484 953 989 216 458 44 702 378 331 612 138 862 995 179 912 
769 372 569 672 211 261 114 157 228 702 202 658 951 512 787 745 845 163 968 160 
341 783 426 214 50 894 827 988 30 34 745 734 606 220 830 316 597 301 773 708 
613 544 263 627 27 191 935 756 843 733 435 592 749 460 381 647 22 744 704 365 
921 380 718 408 887 891 761 889 509 754 769 145 510 132 318 686 224 853 799 487 
163 596 114 588 791 162 620 681 373 296 955 252 81 129 90 773 750 243 685 478 
339 708 102 731 229 722 559 452 437 467 505 673 19 598 188 325 595 858 664 557 
647 878 948 275 829 49 125 998 723 347 881 116 256 547 739 915 244 786 762 557 
178 759 222 610 557 501 963 850 138 114 465 3 781 338 402 695 262 668 358 202 
28 722 908 939 506 255 154 705 490 476 822 664 432 131 550 547 312 120 557 924 
939 332 15 538 173 436 391 419 322 882 294 602 819 874 983 490 884 184 89 132 
296 696 525 917 566 973 896 828 285 879 515 410 294 743 41 707 618 452 409 292 
500 187 637 134 407 986 442 722 955 214 489 252 220 798 5 333 956 583 102 52 
635 489 733 813 812 714 705 77 905 810 1 501 593 143 667 757 569 762 973 994 
369 593 570 146 216 350 519 336 291 320 278 308 986 576 691 813 715 607 509 473 
148 918 135 940 947 910 96 991 472 282 919 539 621 401 283 918 164 600 211 221 
570 376 273 475 819 747 292 497 934 453 854 279 994 937 827 609 681 481 139 613 
516 146 674 996 911 319 782 927 871 781 808 461 105 775 439 762 380 594 489 826 
778 580 716 598 715 937 284 149 531 142 285 423 957 170 52 646 592 89 25 558 
609 107 160 167 984 909 864 793 543 622 426 399 337 916 734 862 280 207 299 144 
10 855 455 708 52 82 990 713 23 57 941 523 42 475 1 324 376 698 603 823 
876 317 63 993 242 453 590 760 816 20 17 49 405 338 374 853 216 130 240 524 
108 629 426 717 531 998 420 627 760 966 753 60 874 384 480 23 206 15 698 468 
915 326 467 961 852 913 973 193 490 707 209 47 832 583 648 900 363 234 393 109 
393 65 611 505 729 975 645 546 484 330 443 489 562 599 804 383 264 34 915 393 
680 491 659 195 722 758 742 17 754 497 247 978 842 947 974 182 257 459 877 257 
108 118 249 48 436 686 531 228 864 919 903 605 220 539 4 984 386 593 117 876 
849 10 896 849 755 700 149 674 275 186 385 797 958 4 740 465 913 954 39 815 
956 687 610 4 470 964 709 606 441 594 149 236 486 748 442 443 324 173 407 518 
990 190 729 910 459 674 43 243 530 221 537 801 620 754 908 326 20 252 662 123 
813 864 718 418 900 137 38 423 750 580 59 577 306 717 53 747 810 881 792 982 
750 750 193 322 249 368 477 797 320 645 103 546 49 107 672 997 552 280 492 862 
616 506 850 204 520 1 692 101 59 746 585 771 733 557 455 849 779 145 196 662 
50 598 623 217 930 91 899 342 532 33 964 167 514 64 796 79 927 185 800 939 
31 451 527 722 567 802 659 799 456 765 219 964 48 14 935 192 554 184 486 76 
159 468 733 459 581 500 417 601 679 932 879 102 629 550 993 738 501 165 796 691 
842 740 896 764 84 247 408 633 328 818 26 616 146 569 201 730 32 128 201 963 
392 820 858 605 997 121 793 212 710 774 675 990 576 182 620 617 389 400 224 873 
509 793 615 866 132 72 886 611 395 91 907 612 379 408 481 569 664 918 5 863 
835 669 528 31 770 35 983 401 52 721 455 354 591 973 85 289 989 161 661 375 
207 364 496 557 344 240 380 826 933 684 751 900 674 178 635 559 689 75 617 484 
928 746 295 228 384 823 235 374 445 237 285 5 619 525 200 61 685 772 74 543 
652 299 45 787 190 542 932 189 836 911 585 492 729 923 54 519 312 101 907 96 
461 378 872 53 791 981 987 413 500 212 900 65 981 243 711 315 804 215 242 482 
796 749 760 374 399 916 397 354 37 473 371 992 156 953 652 17 963 972 561 388 
812 448 850 375 625 292 79 228 102 638 743 102 463 631 446 572 275 373 108 341 
73 897 708 853 578 707 747 31 920 338 898 859 269 584 268 402 599 590 908 368 
363 164 425 656 511 659 219 782 388 623 627 657 172 399 198 496 472 366 91 871 
757 983 405 650 288 477 386 641 0 345 765 292 259 431 473 857 923 307 159 28 
698 976 442 958 468 369 857 761 741 180 44 722 347 411 299 912 908 125 20 301 
699 365 883 123 695 457 886 592 764 110 314 53 862 193 464 699 875 801 972 511 
985 3 784 176 177 190 996 286 330 49 641 461 112 290 70 234 198 777 322 622 
641 435 235 393 695 251 959 585 313 982 568 634 965 517 909 928 975 25 416 203 
752 450 538 842 735 592 333 260 528 606 19 650 706 788 211 377 174 340 773 655 
84 799 638 44 136 241 605 387 549 914 982 352 0 974 423 108 377 344 418 623 
837 146 107 485 424 432 34 589 505 870 946 126 502 510 443 442 114 519 406 64 
788 690 320 980 594 23 592 258 853 912 339 539 974 44 64 111 802 767 464 636 
290 927 800 85 422 666 218 23 747 839 505 112 355 786 860 56 980 444 460 237 
595 570 545 481 482 164 258 151 160 25 532 383 824 585 78 797 549 651 698 769 
508 673 677 394 690 464 235 108 536 764 565 860 44 348 60 177 298 586 643 102 
898 734 8 253 564 899 875 398 594 217 122 920 796 941 588 343 618 590 812 687 
565 497 561 352 719 416 340 146 53 302 825 403 657 326 626 695 429 68 408 967 
349 180 699 45 244 779 484 335 434 91 233 834 836 370 225 112 916 772 345 933 
75 360 766 135 460 529 627 876 963 582 245 689 918 724 141 664 107 539 38 153 
50 494 337 684 740 327 685 877 780 250 538 105 852 184 776 481 340 135 523 293 
711 840 842 387 182 562 664 856 105 21 506 453 154 929 3 558 365 760 189 95 
462 745 888 487 569 182 288 570 871 305 257 930 72 226 6 830 868 772 452 493 
886 777 496 300 747 51 848 871 31 509 640 85 962 753 795 463 801 747 621 170 
479 29 583 330 446 804 667 425 712 803 424 169 491 271 736 398 605 420 920 760 
147 630 759 39 56 369 235 904 357 717 217 688 596 900 451 526 625 390 407 685 
531 632 309 801 191 184 377 859 118 892 842 920 888 931 386 95 833 755 848 474 
203 381 98 172 732 807 86 341 562 248 91 298 452 601 731 800 418 178 620 201 
688 923 672 304 287 900 785 26 692 670 81 95 469 244 177 847 713 236 144 624 
208 555 775 895 379 888 890 596 997 367 553 819 258 569 968 656 375 705 268 715 
578 475 583 476 979 792 486 577 675 813 857 246 603 541 866 908 297 499 418 181 
751 77 152 279 389 182 331 207 40 35 803 984 746 824 506 588 483 963 409 97 
992 153 888 336 788 815 126 18 733 276 986 804 128 854 745 789 111 482 25 518 
170 488 709 65 996 974 506 956 663 371 217 552 426 311 407 45 194 738 201 473 
527 426 468 433 41 689 11 431 842 253 122 100 46 650 427 295 440 317 207 831 
894 386 536 262 513 337 84 854 718 116 556 232 64 685 238 899 793 789 520 226 
6 416 894 794 107 319 53 186 503 237 505 19 945 55 108 186 331 182 96 427 
878 975 847 128 39 693 713 987 920 812 958 305 338 649 116 463 25 513 963 889 
920 791 495 352 47 178 566 156 506 94 819 523 196 553 546 865 460 849 972 40 
815 165 365 737 118 537 69 460 865 926 724 965 435 329 314 920 360 235 358 413 
509 689 900 159 583 540 244 90 879 691 137 659 636 168 903 701 474 193 537 929 
386 472 258 613 409 37 66 600 973 154 355 373 589 879 493 838 112 607 190 323 
625 354 62 236 402 893 619 547 543 863 736 37 508 582 835 674 209 465 823 762 
364 615 15 323 768 944 716 393 318 338 449 493 409 271 340 418 358 324 376 267 
771 861 457 744 615 296 848 163 283 695 464 334 480 210 912 192 457 228 426 376 
897 836 739 168 416 704 67 645 146 197 231 262 457 330 158 500 484 477 809 737 
624 710 303 268 958 51 511 83 533 443 751 666 10 887 364 323 676 822 307 846 
333 464 288 572 134 14 333 542 586 599 118 156 535 790 922 2 832 162 860 973 
494 366 786 863 671 722 286 575 536 785 628 509 719 990 307 108 188 720 215 369 
90 421 990 891 864 46 874 539 597 551 894 14 75 603 133 360 667 325 47 948 
345 890 869 377 729 925 399 495 546 858 4 803 323 615 66 518 771 192 983 133 
141 907 439 997 396 595 894 109 635 360 80 105 305 31 303 219 482 30 566 692 
449 667 172 620 773 838 570 791 497 771 40 65 817 436 133 586 586 383 606 549 
217 708 401 118 159 170 10 594 27 890 390 836 912 987 926 925 160 728 846 99 
521 927 343 406 136 260 273 391 316 605 149 377 908 463 450 932 963 865 502 551 
874 463 344 471 31 722 444 310 597 70 126 477 172 868 922 484 306 713 507 353 
570 199 531 848 436 170 483 435 782 974 331 466 161 463 252 780 982 376 940 390 
891 168 226 363 857 402 314 885 928 117 371 899 181 700 103 243 690 358 411 618 
62 719 248 898 720 280 594 819 414 54 63 110 10 7 849 837 992 170 791 983 
833 470 985 18 988 11 651 330 485 1 964 650 494 694 47 40 613 60 433 589 
126 386 732 597 619 321 820 388 305 642 361 946 13 758 588 417 375 102 461 668 
565 524 292 338 611 250 718 35 994 626 186 194 159 677 141 76 309 992 83 144 
605 123 767 199 853 180 77 134 342 4 326 609 139 336 131 131 959 643 758 52 
782 18 925 681 863 992 680 258 368 418 166 640 243 750 27 190 968 384 932 689 
362 349 774 995 38 292 339 884 161 425 166 818 754 259 306 203 440 761 478 416 
709 681 252 53 579 793 123 622 902 234 521 172 58 137 300 991 558 463 891 862 
154 748 448 550 685 287 641 856 98 17 935 542 475 844 647 966 126 54 776 759 
823 274 27 612 759 896 674 952 924 139 650 201 185 596 306 23 975 557 825 838 
355 89 955 419 738 650 469 836 99 163 209 587 900 568 828 915 176 290 934 859 
287 287 65 212 278 321 950 270 488 205 876 760 813 440 874 159 731 597 263 294 
98 890 152 183 924 92 882 929 29 47 17 883 959 627 472 80 769 35 626 811 
481 816 696 172 848 829 835 59 613 92 157 613 964 66 299 350 384 574 734 838 
118 495 203 518 717 327 559 932 75 754 14 261 673 956 774 195 146 386 952 743 
240 527 399 241 384 818 619 678 231 886 584 536 788 259 203 748 727 235 901 465 
387 327 68 189 713 642 254 196 477 766 535 859 628 278 892 193 358 180 280 15 
809 188 752 258 926 97 3 119 624 719 428 622 209 896 474 722 407 106 863 576 
616 529 472 309 258 401 589 733 127 479 722 2 390 321 909 178 500 834 785 660 
965 59 418 148 358 206 658 781 261 797 451 750 956 299 317 24 1 168 634 463 
81 107 889 303 711 571 848 113 255 127 542 429 704 519 808 34 961 138 546 5 
707 609 288 703 360 764 429 722 658 67 219 156 319 360 692 837 131 444 714 750 
14 230 466 42 256 811 886 74 922 562 802 363 335 656 927 826 844 212 831 612 
259 571 960 695 318 62 781 317 242 658 73 722 145 697 717 371 197 631 291 537 
458 24 828 311 435 32 344 456 128 531 124 229 463 294 289 670 568 637 306 478 
797 151 773 764 329 983 494 543 568 588 785 33 632 363 295 328 991 515 98 265 
85 673 340 61 619 909 61 777 868 109 692 81 475 73 856 21 789 71 503 710 
800 808 14 114 748 250 74 686 145 863 407 636 58 422 783 694 9 697 949 889 
98 567 794 373 884 258 176 580 293 315 110 585 253 333 211 203 727 727 542 682 
971 750 837 58 7 699 492 198 376 992 513 750 683 465 742 163 560 289 246 98 
690 130 492 368 752 953 32 133 728 361 347 868 468 367 541 426 669 950 245 901 
88 508 201 279 822 556 934 283 504 430 698 711 371 532 560 282 280 142 413 144 
527 392 337 587 333 354 95 45 555 224 320 692 746 244 44 501 795 961 971 52 
572 929 212 890 40 601 964 112 749 354 249 347 908 284 631 672 653 31 891 90 
562 170 966 946 804 111 196 151 195 94 189 886 386 714 428 51 177 553 318 361 
0 495 253 30 736 709 86 283 516 470 976 682 824 267 935 600 257 7 695 302 
157 277 732 387 428 697 801 716 111 900 512 94 800 916 490 122 186 331 295 299 
867 423 984 813 23 826 18 78 182 507 934 969 361 357 640 480 641 6 908 346 
945 986 400 398 613 721 678 423 979 182 584 928 880 626 433 114 222 761 905 363 
125 171 425 809 800 781 528 120 665 449 677 280 328 755 110 618 832 158 657 676 
610 895 785 332 125 495 196 625 190 511 858 928 557 543 800 582 545 599 213 513 
765 354 460 492 754 984 508 122 239 763 85 498 191 164 236 764 866 430 800 28 
846 955 342 804 647 79 578 527 444 922 15 123 204 193 193 134 497 47 657 69 
853 752 40 913 74 286 471 970 294 816 591 176 814 199 93 512 722 987 328 452 
890 462 222 743 871 191 627 231 605 385 428 876 79 253 187 815 460 158 836 950 
297 179 567 800 871 18 279 364 38 155 578 879 353 531 930 885 348 18 476 983 
740 39 126 982 791 682 310 279 92 202 337 32 155 568 314 266 31 484 643 927 
779 455 904 661 852 737 130 620 685 795 266 461 344 111 95 620 484 135 81 783 
258 748 23 263 381 480 70 886 393 269 130 329 826 439 770 369 480 288 391 509 
786 395 878 146 401 843 879 277 654 388 524 680 559 186 445 483 110 90 891 309 
362 341 884 188 986 180 760 905 343 528 481 671 321 601 616 925 205 2 61 466 
190 738 14 497 674 206 357 557 710 93 259 895 356 573 625 909 227 892 345 653 
624 561 440 715 52 180 831 327 598 723 426 722 139 623 585 99 523 631 781 141 
174 331 469 107 406 363 505 159 214 545 814 798 819 627 740 576 507 118 300 751 
268 744 495 606 13 773 851 829 642 117 246 378 724 163 240 817 320 480 948 159 
538 553 879 236 969 31 660 143 68 614 384 78 909 328 594 702 253 58 548 904 
112 383 712 973 979 628 341 307 451 525 577 856 719 782 68 270 425 443 218 864 
121 316 329 220 531 875 715 385 458 104 302 643 789 983 715 117 248 216 964 727 
230 160 593 520 206 846 332 309 315 297 860 746 137 551 967 104 221 617 892 288 
156 214 88 311 607 836 454 795 541 398 652 941 633 419 92 143 142 43 673 168 
384 463 843 749 125 937 556 459 844 618 891 298 340 443 233 812 48 926 939 14 
25 862 303 382 413 396 210 46 63 348 513 608 615 807 623 395 180 465 166 956 
342 6 449 864 393 993 722 457 671 301 608 807 261 744 931 425 937 21 355 269 
970 25 629 956 72 95 695 225 398 416 991 444 438 277 575 922 627 351 891 199 
276 146 942 230 576 396 441 856 581 588 598 411 22 249 149 21 900 393 989 578 
499 980 877 874 929 991 242 967 586 917 660 93 48 707 389 594 922 851 89 560 
34 691 820 865 75 646 321 483 250 364 471 508 436 798 257 839 161 541 933 983 
439 75 604 676 178 297 900 4 411 659 483 139 527 521 869 974 145 591 48 125 
354 272 310 399 16 30 450 642 789 685 630 747 817 889 653 819 171 597 397 355 
620 53 887 761 140 870 97 411 713 372 283 675 525 677 482 124 815 517 362 156 
245 480 287 291 745 175 621 339 841 349 838 264 820 945 148 73 729 362 56 872 
882 798 402 503 314 507 858 347 34 777 783 197 810 351 358 974 710 429 909 387 
550 898 616 674 907 768 235 60 927 685 873 308 757 355 133 382 121 522 656 987 
800 83 162 756 539 784 804 109 128 131 805 597 738 421 163 250 778 632 772 650 
981 895 574 695 296 212 556 731 658 314 522 525 705 156 227 394 800 869 552 335 
807 210 948 166 851 925 646 984 184 867 431 874 148 344 989 34 461 289 871 836 
182 307 841 160 502 930 898 150 274 757 36 13 788 40 868 240 419 249 435 123 
341 480 308 940 995 520 151 117 836 723 933 929 492 525 37 421 102 791 678 401 
184 735 422 831 270 750 443 371 817 835 704 635 930 998 618 234 402 207 900 991 
467 96 183 347 700 56 734 555 881 106 961 467 298 621 151 964 613 613 442 982 
894 186 294 354 254 631 627 705 329 22 971 961 796 674 645 370 463 589 291 139 
144 923 721 539 464 830 863 380 874 187 449 906 113 174 621 829 313 34 557 555 
745 715 445 891 263 239 535 381 284 642 109 469 586 273 591 985 843 146 470 73 
804 178 240 615 482 735 533 639 803 847 681 784 697 336 299 900 394 489 884 709 
908 104 789 168 367 638 787 278 602 417 620 520 779 809 638 988 18 637 149 382 
349 390 926 872 545 763 83 132 951 103 846 785 925 624 200 581 807 713 644 66 
758 323 160 532 944 447 124 313 119 248 327 450 734 735 806 402 426 710 13 756 
158 208 691 218 473 753 417 611 691 410 924 404 870 376 515 403 530 750 531 751 
196 0 889 260 671 402 487 598 787 23 883 964 325 686 348 255 999 106 551 419 
194 857 897 221 274 688 541 453 769 285 577 638 430 461 932 716 103 359 722 397 
924 80 915 971 534 792 561 553 496 133 681 956 189 863 564 620 922 435 830 795 
517 68 566 413 391 959 56 513 62 22 151 303 142 624 71 18 256 838 962 640 
499 881 624 431 475 986 973 346 7 930 246 797 863 635 692 997 118 494 292 907 
348 559 534 763 55 231 117 600 124 280 302 219 624 462 700 75 12 235 291 15 
568 11 156 618 286 666 33 877 267 59 482 876 154 818 214 866 594 540 486 774 
464 326 686 634 32 587 965 145 992 298 344 186 421 119 130 906 195 825 486 718 
271 316 432 953 831 864 425 339 996 793 649 315 71 864 106 871 194 802 979 921 
464 848 770 523 695 63 238 639 229 528 603 592 105 227 919 165 963 975 53 319 
47 597 816 97 358 766 906 87 126 482 37 474 243 539 634 867 365 713 825 510 
884 104 520 210 593 582 991 94 991 649 267 350 74 88 929 709 207 353 550 549 
388 371 405 133 233 709 584 466 879 7 202 778 888 95 565 461 800 7 199 580 
122 596 195 615 486 539 901 769 657 159 390 695 853 974 153 481 339 908 620 672 
70 248 419 953 130 30 577 800 405 493 297 720 420 210 781 170 233 748 684 453 
212 169 361 373 240 233 250 431 856 906 398 779 9 571 26 571 425 886 590 700 
632 327 539 938 414 866 320 248 814 188 966 656 769 352 520 304 742 85 239 846 
776 686 389 958 384 946 312 425 285 85 218 664 714 167 222 377 559 387 765 489 
802 323 866 603 919 122 579 384 933 370 866 919 252 448 258 783 892 404 837 403 
383 37 733 677 729 500 74 206 471 351 188 172 551 290 314 5 182 113 834 380 
399 457 377 330 130 303 717 238 308 345 593 808 318 364 457 594 72 110 327 920 
231 477 477 450 724 983 204 599 7 172 932 469 36 80 525 86 725 653 134 180 
184 1 844 809 386 604 901 144 140 917 485 968 77 5 712 650 297 436 169 681 
769 826 179 234 818 345 262 148 434 41 461 641 920 668 893 293 812 812 392 767 
951 673 19 126 412 87 252 741 559 975 113 266 540 589 229 668 731 114 348 803 
427 763 305 292 925 242 709 709 747 955 379 238 760 426 906 657 97 395 651 99 
341 834 371 931 785 188 91 866 375 389 974 60 31 563 627 678 454 451 532 224 
503 523 734 742 440 824 90 385 926 513 43 971 19 3 857 275 198 567 429 101 
820 769 838 22 199 402 739 54 540 623 874 871 856 147 377 406 869 651 787 623 
314 241 685 550 281 844 377 155 870 118 723 821 292 381 674 514 881 918 73 245 
525 383 447 98 975 211 115 463 9 220 180 475 445 364 953 899 664 316 84 450 
814 681 340 577 486 259 651 383 423 272 717 787 67 25 234 448 491 547 646 552 
596 673 727 300 128 112 574 955 176 443 26 65 744 80 305 329 947 962 209 38 
633 536 574 87 598 71 188 722 965 971 16 954 980 60 850 251 98 398 934 829 
439 849 59 463 67 355 690 215 530 418 755 375 941 999 438 194 164 943 534 975 
348 979 626 892 987 419 710 271 788 423 231 810 623 222 6 829 815 458 991 240 
99 387 739 313 245 931 219 331 287 899 925 824 56 516 764 927 825 464 739 25 
324 529 90 521 439 618 428 139 253 629 288 55 134 461 575 333 137 54 950 594 
871 25 596 372 665 44 605 563 940 433 105 737 460 46 951 531 911 389 158 160 
572 253 549 482 356 64 880 634 599 534 782 489 58 475 978 516 448 940 143 175 
862 936 407 654 180 748 141 48 840 791 226 149 589 464 93 985 100 453 310 745 
313 293 453 926 610 767 470 407 372 565 256 780 967 644 590 281 626 397 342 687 
641 73 936 689 886 79 361 669 711 482 25 914 655 394 121 457 526 487 745 991 
29 957 713 105 101 828 262 913 640 432 656 169 971 153 98 85 137 899 681 278 
379 608 384 715 159 188 763 275 423 50 979 233 244 910 866 447 962 594 303 103 
453 813 236 157 100 480 950 432 14 939 197 731 538 584 21 215 291 173 243 212 
156 472 548 359 0 894 723 46 325 877 329 194 530 875 122 956 774 103 541 619 
811 126 244 589 4 760 302 500 978 364 545 811 965 369 868 385 441 367 875 781 
975 213 692 787 958 476 242 509 889 436 887 254 826 678 440 283 831 858 564 451 
5 921 5 416 563 653 554 350 944 232 36 172 775 202 15 505 57 687 875 401 
579 193 972 40 210 722 359 422 157 124 415 435 923 524 846 621 276 604 263 783 
508 841 804 148 901 44 123 533 539 492 423 392 62 452 820 170 580 65 858 21 
430 944 198 149 140 301 413 815 978 566 83 772 597 297 132 45 537 540 880 7 
45 628 636 113 330 823 422 323 247 573 985 201 408 764 994 776 296 60 402 641 
549 20 142 428 835 618 91 302 252 784 582 390 678 277 155 604 221 585 739 507 
915 485 836 794 629 634 388 757 424 594 861 537 484 436 536 119 543 803 107 72 
85 241 565 939 703 840 739 547 353 546 4 756 985 25 930 199 940 897 930 860 
19 909 726 191 287 727 632 238 968 68 258 842 924 207 132 861 310 165 734 27 
885 345 950 820 551 633 372 528 502 33 444 572 737 230 52 860 78 798 231 969 
519 845 209 813 970 811 860 693 621 85 906 311 826 992 516 779 872 502 154 535 
786 354 956 941 163 462 17 976 682 991 709 751 299 15 744 289 966 243 525 994 
684 878 73 997 191 558 677 202 897 430 388 609 576 468 297 504 808 491 147 378 
842 876 106 49 340 136 535 213 432 833 175 45 473 506 705 629 76 715 840 217 
740 42 2 17 664 583 730 357 881 423 859 547 774 923 502 118 370 57 838 474 
505 203 594 990 430 447 162 392 889 200 990 671 440 106 116 197 691 275 792 851 
748 808 385 370 775 438 945 703 510 771 564 831 560 579 301 156 619 863 390 110 
815 115 7 741 733 607 897 765 840 184 987 363 475 416 148 376 220 556 986 876 
343 20 211 916 821 16 322 431 334 360 452 14 117 861 347 90 52 511 706 674 
608 15 90 525 53 462 621 732 725 476 682 660 613 461 161 307 289 402 415 496 
497 532 531 976 604 974 665 407 452 4 183 52 265 838 615 296 867 913 469 15 
290 0 289 408 993 271 151 218 811 225 309 519 27 418 700 278 394 519 355 707 
989 180 160 970 933 558 40 588 300 883 634 209 924 527 103 495 850 305 36 737 
243 36 771 227 701 274 847 837 153 462 79 191 576 889 52 301 508 144 118 410 
360 3 484 169 178 521 155 785 480 98 330 129 521 757 539 837 526 340 51 216 
89 533 702 387 124 194 397 164 428 930 569 722 520 353 509 160 453 278 911 936 
340 476 591 530 126 604 315 125 670 0 442 149 256 362 128 614 169 606 81 16 
983 550 617 43 874 693 547 389 924 230 177 626 349 174 36 19 81 391 844 586 
230 158 34 12 720 111 228 144 711 319 649 488 701 771 990 686 288 303 24 633 
79 569 658 559 51 376 769 244 491 71 302 812 228 934 500 286 392 75 612 115 
911 44 229 853 492 656 383 450 714 839 786 379 182 624 866 464 222 250 710 103 
770 588 441 349 154 128 328 163 425 613 390 612 625 173 69 23 510 103 997 928 
103 246 34 988 114 321 513 861 567 411 434 826 345 558 677 298 120 988 894 706 
354 151 411 286 635 314 304 85 986 143 536 736 799 146 319 227 762 117 814 989 
181 230 871 285 485 126 697 557 933 515 694 620 723 248 27 271 887 755 423 231 
697 336 672 745 74 380 547 737 558 605 258 416 857 216 835 297 8 570 694 510 
633 155 575 16 621 992 557 31 20 304 266 599 498 610 581 619 665 237 276 102 
551 671 533 200 850 634 959 781 505 700 828 565 348 574 274 415 215 607 827 519 
602 681 329 194 21 957 942 47 699 987 187 9 260 109 599 186 40 964 299 602 
184 690 531 921 975 346 647 209 985 381 163 943 362 591 692 667 210 505 404 973 
0 584 8 323 589 701 384 249 771 134 262 960 494 318 203 802 33 337 134 197 
187 434 398 70 259 952 323 608 90 142 888 132 321 730 427 315 451 905 319 283 
548 289 842 534 961 190 979 457 738 553 63 355 390 718 796 693 878 365 773 713 
460 660 511 285 109 43 947 362 69 936 342 440 338 251 685 341 196 212 501 622 
3 524 881 764 9 554 429 323 265 415 19 87 665 147 436 680 436 890 426 783 
979 681 123 665 269 366 792 36 812 655 679 592 130 921 158 448 700 556 337 337 
630 668 853 474 895 292 790 892 143 854 374 771 30 22 535 926 862 888 283 756 
275 391 626 456 658 935 580 534 200 709 527 526 109 606 723 561 352 613 436 985 
157 665 656 926 77 742 26 446 636 59 398 669 824 588 189 253 744 208 420 327 
556 294 48 315 532 692 124 373 84 464 975 48 406 106 488 487 360 689 707 474 
735 565 496 958 12 782 258 888 246 59 605 539 128 725 380 311 661 605 514 645 
913 795 279 961 210 337 741 871 591 311 732 49 768 312 523 607 702 341 919 448 
483 792 185 985 821 716 811 452 415 243 163 682 209 392 956 859 586 38 873 597 
867 584 219 236 733 187 77 313 70 465 765 118 936 927 22 425 82 345 829 159 
179 181 464 267 188 869 581 671 477 569 690 130 523 924 25 354 865 990 879 644 
300 418 892 802 244 200 405 260 439 990 425 418 728 747 161 289 72 908 4 812 
220 506 425 37 208 972 46 516 785 273 232 575 193 832 364 963 975 28 206 530 
429 162 96 701 534 717 422 44 935 324 271 259 149 641 126 831 184 270 609 322 
47 36 330 723 556 172 285 90 929 809 417 146 203 901 538 272 765 547 462 467 
856 229 471 244 994 983 729 128 189 195 316 699 898 495 483 343 45 964 422 158 
763 392 686 965 921 383 487 185 982 677 154 670 764 335 660 790 643 986 289 487 
575 188 501 296 515 314 124 868 325 337 120 704 132 378 476 714 824 847 647 987 
976 531 490 871 130 186 629 177 679 323 215 572 468 287 5 320 0 605 269 370 
139 252 156 751 316 509 372 298 462 367 225 244 164 445 582 227 202 390 676 943 
150 651 803 224 310 598 404 236 620 0 590 792 311 35 807 652 60 50 382 724 
397 615 399 84 425 275 358 773 309 459 599 181 728 536 701 923 85 359 10 531 
100 275 111 23 906 776 396 711 35 178 562 177 37 93 383 125 799 22 170 947 
321 665 167 246 550 532 909 556 87 340 870 486 330 959 975 54 603 234 905 327 
305 820 624 249 333 370 594 4 790 204 721 829 192 648 652 511 678 174 851 884 
694 676 538 637 125 26 448 285 90 696 128 852 167 351 631 403 549 382 183 692 
295 22 836 140 650 648 62 379 339 445 998 611 289 334 68 775 997 902 144 294 
904 820 55 736 308 597 536 280 725 897 344 338 137 893 691 544 734 202 908 272 
450 11 479 776 105 348 717 20 619 761 568 527 356 325 951 144 112 365 875 391 
750 748 467 193 372 448 350 40 28 748 440 638 861 287 542 131 149 885 549 445 
590 925 807 840 70 531 816 39 891 143 72 425 519 365 450 759 681 766 460 804 
964 719 872 950 347 137 555 301 973 409 291 218 206 233 375 498 982 822 849 403 
886 403 439 173 776 246 923 28 439 913 327 958 983 220 229 936 613 873 702 782 
978 216 481 458 692 972 598 637 805 950 59 244 32 65 104 140 274 21 22 553 
950 400 605 420 836 650 430 651 290 23 590 13 338 970 621 382 198 880 693 800 
98 499 423 827 658 33 850 166 380 620 389 678 982 418 535 358 355 240 741 336 
938 99 180 307 543 631 184 158 39 908 228 707 198 349 115 976 787 659 814 34 
702 570 630 698 160 681 549 277 148 56 88 94 813 293 552 615 625 528 682 49 
988 224 659 952 752 517 119 770 907 975 20 401 465 230 91 6 875 580 127 89 
904 297 441 750 332 781 370 66 927 51 594 271 215 676 561 996 720 81 621 777 
130 533 76 330 132 26 618 481 608 723 404 881 87 922 966 920 606 420 722 428 
105 961 370 369 119 632 96 786 838 954 307 895 33 798 477 293 15 517 332 796 
606 398 869 613 239 797 871 475 676 48 279 108 127 83 728 375 957 140 78 64 
923 881 371 505 887 216 73 404 970 559 552 111 509 414 362 886 450 313 334 847 
972 490 67 154 970 303 893 112 983 928 908 54 870 204 971 554 820 452 366 645 
934 840 336 377 349 489 379 244 351 998 497 190 928 483 764 24 225 879 289 197 
847 476 642 85 815 101 771 704 497 83 677 944 82 184 546 106 623 328 232 335 
423 444 314 981 832 513 635 347 492 897 380 965 125 481 151 893 743 578 941 947 
901 739 982 102 207 175 711 299 58 851 425 214 384 76 631 423 202 982 831 94 
452 511 829 81 88 317 733 853 949 245 616 996 552 662 840 327 644 69 631 212 
702 659 741 113 804 148 641 42 720 577 858 942 328 240 574 697 704 577 730 518 
505 5 435 891 291 379 701 466 505 883 610 892 372 102 389 601 795 749 967 854 
993 593 106 446 424 435 517 988 565 838 447 311 563 666 311 159 493 329 899 776 
982 999 455 180 275 214 697 726 780 103 739 668 326 152 552 796 52 746 835 691 
728 122 700 65 52 795 588 121 390 938 587 384 812 402 176 940 547 241 809 871 
727 963 819 547 414 749 828 592 605 956 671 29 712 903 265 252 980 98 882 584 
679 77 573 131 274 141 283 755 21 649 292 596 916 679 576 581 417 864 150 76 
786 913 907 250 893 636 733 519 897 110 80 917 214 370 17 424 264 862 329 537 
456 885 68 103 172 205 882 647 192 961 622 661 612 529 693 164 647 224 818 618 
669 431 272 512 782 585 198 616 383 279 530 455 540 308 871 230 630 323 809 883 
217 184 699 869 106 84 151 529 975 21 350 246 935 493 48 16 628 242 286 467 
614 470 909 701 354 264 398 993 738 883 701 217 439 661 726 396 908 458 135 969 
573 130 818 203 951 865 737 101 162 309 263 608 717 813 692 490 745 848 393 49 
720 100 173 65 495 968 399 346 666 60 542 61 599 567 757 232 214 641 938 232 
183 506 538 311 765 819 373 63 881 300 720 157 417 253 506 169 651 897 534 462 
109 432 699 173 607 100 361 182 299 286 453 129 491 930 334 793 372 296 185 915 
698 844 898 791 909 224 556 996 402 689 67 360 508 183 976 232 76 409 708 844 
863 97 121 767 511 731 301 142 469 652 328 103 757 920 32 292 586 956 843 800 
172 334 286 833 679 522 939 886 951 694 463 883 568 432 213 451 130 206 901 318 
293 359 274 171 849 720 115 878 458 529 463 630 778 969 366 81 287 719 661 345 
566 835 410 835 160 20 42 972 629 636 488 223 862 25 462 454 391 812 720 477 
4 551 175 789 499 251 836 407 3 416 254 70 955 161 453 947 695 654 656 611 
750 747 532 868 39 322 837 312 261 285 850 585 553 230 780 605 543 282 112 828 
811 547 494 552 78 750 384 571 771 725 838 512 167 253 625 971 697 218 848 362 
502 673 320 176 511 374 46 432 511 80 194 695 8 418 964 301 590 827 578 469 
534 688 342 2 711 80 945 820 554 49 676 780 615 961 833 797 529 392 245 644 
466 716 505 305 969 164 449 853 539 905 301 38 207 137 190 738 911 838 859 417 
108 519 476 461 498 886 446 470 868 986 153 641 400 869 750 825 846 752 238 305 
205 406 935 89 791 423 911 863 222 350 14 399 167 629 903 630 742 326 103 556 
802 229 514 848 234 509 826 832 336 216 121 705 725 740 217 604 365 802 1 850 
492 656 715 513 618 441 884 999 867 451 868 590 682 26 575 713 815 283 979 542 
214 955 394 428 2 993 770 903 553 826 924 122 570 548 154 444 589 924 316 71 
322 572 389 980 172 575 321 707 151 287 809 346 800 433 787 107 564 7 804 251 
524 647 951 664 695 193 107 755 592 575 831 838 481 984 969 848 713 982 240 326 
714 601 270 740 726 482 834 397 99 533 413 552 524 249 20 251 499 817 237 180 
380 488 565 389 651 969 265 112 824 645 556 92 137 753 968 166 169 462 41 211 
296 610 582 117 580 216 641 148 382 20 329 327 551 361 622 996 829 486 285 708 
801 798 228 778 979 487 97 933 616 637 878 788 467 888 879 362 793 196 759 411 
833 920 984 213 484 489 145 26 945 479 157 605 557 503 722 723 497 763 503 764 
100 568 857 321 618 70 992 417 581 437 822 119 571 86 991 262 864 695 479 336 
318 340 665 250 474 194 236 749 337 757 851 249 963 877 460 330 687 772 496 511 
599 787 781 377 13 766 729 769 461 941 472 805 501 909 176 965 555 366 707 704 
382 325 228 924 631 325 134 822 537 58 321 287 887 391 326 544 429 192 925 975 
818 18 708 106 437 10 411 475 341 347 575 997 901 308 772 430 536 505 366 598 
729 744 513 791 494 991 879 773 861 581 426 455 24 782 43 166 766 683 747 614 
386 65 247 292 864 760 809 351 420 303 845 249 981 94 241 479 547 701 369 239 
973 59 737 498 14 689 300 938 56 648 141 158 625 512 173 740 166 955 252 374 
645 209 531 88 711 53 793 144 718 927 228 375 355 508 946 496 500 27 41 398 
804 609 444 291 235 48 999 822 863 75 597 132 43 77 351 522 727 315 40 826 
224 447 319 405 833 254 493 16 506 916 328 313 433 719 623 67 471 329 878 505 
708 826 764 592 292 829 507 144 67 25 48 132 592 100 84 808 319 75 474 498 
833 76 962 708 295 112 229 417 133 147 698 782 916 358 488 435 618 448 397 642 
166 776 159 847 662 557 393 624 259 962 568 791 128 60 247 630 439 373 239 747 
101 591 619 204 559 505 931 212 324 518 462 959 917 374 142 394 587 92 391 614 
959 658 113 151 584 250 454 920 72 535 677 266 32 579 232 44 709 850 67 116 
723 990 342 295 610 845 117 142 293 576 190 98 418 285 259 241 167 95 128 137 
330 845 759 661 893 400 938 134 295 889 761 979 974 882 717 643 227 195 556 26 
23 177 174 651 101 18 583 366 695 412 550 938 46 766 749 724 732 175 106 329 
13 638 997 576 13 505 699 251 683 578 586 463 862 663 926 642 327 409 476 934 
760 615 198 699 979 748 566 425 606 318 70 741 181 25 878 788 88 75 671 158 
583 433 153 205 140 938 840 463 184 530 220 63 264 882 128 587 49 150 483 834 
418 383 206 508 49 730 862 670 760 104 290 661 697 112 623 179 32 898 970 993 
384 901 213 748 657 828 294 795 641 83 428 967 80 217 324 555 560 345 523 151 
900 937 412 848 720 950 181 954 259 111 413 904 568 490 744 619 467 60 223 306 
530 341 377 713 121 35 270 301 818 446 326 566 157 284 397 62 45 733 898 273 
83 441 769 430 71 713 917 485 996 92 106 593 188 467 730 135 76 887 861 488 
160 361 87 428 258 154 341 439 223 460 200 985 82 585 837 288 926 739 492 25 
630 731 712 919 783 917 238 403 561 348 185 580 777 794 206 352 475 923 611 604 
502 579 933 113 144 837 691 456 556 182 581 560 528 385 241 805 876 899 238 394 
968 434 530 602 862 506 274 900 392 800 777 509 826 290 994 90 467 327 137 470 
849 339 183 353 699 294 396 98 258 302 491 558 770 153 224 66 461 631 700 733 
138 287 677 825 996 938 167 452 29 13 952 122 853 491 883 5 158 298 387 831 
346 764 338 823 982 649 26 43 624 827 12 693 152 794 120 785 347 153 124 678 
118 457 952 227 313 132 153 827 1 301 156 900 250 70 246 453 933 898 738 630 
791 660 858 260 186 487 953 877 304 712 657 888 100 281 921 625 364 208 585 4 
868 807 384 920 316 524 566 886 494 940 894 642 96 220 6 553 537 208 458 611 
521 143 373 844 121 711 610 181 374 645 891 824 712 152 255 532 976 879 697 205 
617 415 767 992 69 505 344 869 43 556 185 294 584 423 538 175 405 802 44 551 
335 285 366 54 564 504 689 167 428 333 768 664 262 795 596 311 470 269 647 376 
859 499 191 716 469 974 302 228 950 441 983 878 240 255 963 567 696 632 342 282 
498 304 419 624 238 153 663 24 217 407 508 649 982 836 500 230 846 974 634 681 
70 886 923 99 937 827 218 874 229 366 141 356 938 422 482 620 128 391 446 579 
392 103 175 904 886 969 640 675 853 742 157 158 924 920 864 941 736 488 91 896 
362 139 447 358 730 769 605 828 364 711 930 447 538 453 248 534 426 361 875 452 
786 885 849 388 145 695 542 621 647 248 590 960 536 984 428 584 484 408 323 834 
619 215 371 124 592 769 215 803 699 308 972 216 331 157 36 811 516 963 196 378 
837 490 611 267 37 995 220 817 504 82 829 860 412 537 225 132 185 115 915 614 
648 242 668 880 410 829 471 434 525 308 267 781 635 118 473 729 467 334 926 865 
788 289 595 538 807 675 220 13 413 699 773 280 529 356 739 915 334 317 954 977 
44 843 235 350 599 252 9 825 433 64 156 98 498 436 285 373 949 463 283 567 
996 17 405 56 606 976 393 50 880 556 941 34 722 118 780 932 916 157 779 747 
160 777 556 833 489 683 915 276 989 796 151 387 351 941 707 767 992 263 110 269 
215 164 239 602 518 678 389 864 999 151 623 25 111 896 439 489 546 638 84 105 
159 706 992 88 357 631 535 181 806 209 873 115 971 741 546 324 400 435 984 505 
890 699 36 896 366 751 157 968 611 589 281 817 235 985 246 311 518 392 792 241 
784 871 404 852 940 797 140 478 721 670 219 544 92 482 636 707 782 429 798 966 
559 112 883 246 74 560 857 720 571 814 504 459 671 439 389 842 611 133 190 520 
72 189 791 852 37 162 157 976 757 386 953 900 491 391 615 936 75 729 968 466 
411 867 117 829 290 635 789 395 631 693 984 547 893 706 132 166 854 853 688 863 
6 910 416 50 137 667 792 303 415 780 996 262 94 37 128 444 9 545 299 151 
577 173 929 527 401 691 106 174 294 881 669 169 550 889 17 647 152 322 149 633 
117 439 861 611 373 262 688 811 741 323 585 471 719 182 787 603 123 522 384 123 
341 24 963 334 959 508 789 716 424 493 237 161 213 427 683 506 927 924 71 839 
709 256 581 810 27 846 204 560 899 102 375 285 908 808 484 741 648 853 803 304 
234 997 33 221 583 368 622 962 900 625 131 315 217 928 192 577 325 975 645 821 
882 471 688 190 530 907 798 110 505 773 333 252 21 632 561 862 652 951 37 20 
293 180 149 197 578 754 594 740 971 591 766 987 231 965 200 387 511 512 362 107 
803 253 153 887 457 416 37 931 387 694 562 280 337 621 453 85 950 984 163 522 
415 168 39 761 722 55 530 223 243 495 448 34 53 107 544 98 607 44 957 292 
300 950 563 61 192 196 563 220 272 233 83 708 105 160 823 560 907 975 797 64 
887 944 216 67 151 448 522 29 462 195 776 843 216 904 145 244 178 64 279 18 
557 949 201 801 343 473 64 368 883 861 856 534 690 163 713 559 466 525 839 79 
478 767 999 725 806 106 148 732 80 907 592 998 831 876 174 634 667 458 128 880 
825 679 532 282 669 672 573 269 213 417 751 208 272 103 786 653 750 406 915 918 
305 853 79 857 501 127 90 758 308 219 968 665 454 158 689 980 695 207 314 831 
152 731 481 866 850 995 649 49 273 19 296 521 494 708 205 699 447 644 845 286 
355 772 655 698 32 234 623 91 872 416 577 282 356 213 295 58 223 987 452 209 
678 225 337 214 678 265 15 498 630 204 767 586 663 885 847 364 138 299 438 335 
464 235 121 536 440 206 119 283 20 535 714 70 581 135 127 764 353 300 448 641 
625 183 455 817 944 6 390 150 889 954 669 458 896 977 292 985 100 350 225 827 
339 847 540 976 142 231 722 428 175 502 791 686 713 22 14 396 374 799 950 489 
255 21 893 993 823 8 320 52 40 653 783 2 435 811 155 910 834 56 913 718 
961 309 987 298 788 991 517 530 826 680 309 453 211 998 886 967 757 73 327 178 
813 419 0 145 261 299 436 265 904 218 998 473 758 842 565 316 292 732 537 916 
795 441 371 985 813 443 464 962 979 669 15 603 514 88 587 616 159 631 314 840 
681 461 7 254 6 438 173 452 745 947 389 809 778 930 162 973 894 446 643 50 
856 506 745 278 784 628 225 262 707 112 140 76 804 825 245 412 306 184 811 132 
905 942 120 722 661 140 824 411 364 533 942 632 756 746 924 27 574 911 330 27 
873 956 849 285 689 951 448 324 257 79 902 346 382 316 281 191 494 813 391 464 
682 458 387 60 440 996 922 316 380 337 590 809 319 364 34 954 832 309 160 389 
315 109 920 30 863 573 697 775 789 607 709 175 613 412 736 13 363 848 153 550 
778 675 660 62 407 289 639 979 42 972 356 800 401 937 759 993 277 976 856 826 
216 696 283 525 7 579 254 428 909 341 154 475 353 523 934 498 121 594 424 130 
134 77 53 237 129 747 132 755 167 927 54 186 913 938 968 605 183 815 404 264 
391 501 885 779 72 546 842 158 675 126 341 348 540 126 235 171 742 866 406 635 
317 657 554 252 872 404 510 677 614 504 924 506 279 263 354 22 607 9 481 497 
447 415 157 684 701 153 622 99 477 912 303 433 895 462 894 683 619 845 235 877 
11 630 820 394 280 83 224 939 15 775 755 373 508 972 297 895 368 324 206 540 
200 108 430 823 310 6 40 388 4 535 360 519 934 9 533 727 951 329 280 138 
895 539 535 55 323 292 769 848 373 409 179 271 238 502 210 346 49 250 1 842 
874 425 221 784 951 57 775 793 854 353 891 636 87 295 431 145 587 553 701 45 
325 703 772 395 80 519 492 493 913 520 753 3 6 915 506 35 711 22 530 673 
940 491 846 89 584 938 321 267 388 378 877 166 911 869 418 201 140 333 708 622 
477 977 544 623 799 621 790 269 941 985 214 471 89 224 988 328 849 659 286 532 
743 143 896 300 363 941 821 840 532 569 177 733 397 845 357 480 653 911 3 361 
377 856 514 546 878 550 580 58 194 716 678 381 362 904 15 639 690 710 421 417 
296 67 805 3 641 949 609 139 592 297 191 357 836 148 391 51 42 918 701 390 
475 732 817 742 888 934 75 550 514 104 626 364 630 116 150 480 722 711 292 890 
873 811 755 713 445 438 237 929 782 993 624 77 861 931 294 566 886 487 801 810 
702 651 115 832 432 986 357 619 927 621 598 581 375 397 751 758 108 900 484 845 
688 349 901 47 63 833 670 61 854 500 44 602 963 175 538 70 526 631 226 285 
392 998 455 852 675 752 818 228 42 544 532 255 50 852 276 563 338 326 9 765 
215 125 771 447 555 868 813 509 662 521 373 749 30 529 63 830 579 18 486 266 
310 745 516 942 851 277 309 369 788 363 879 699 89 267 533 809 277 986 828 446 
290 738 837 388 831 968 589 435 985 556 865 657 984 638 614 643 468 615 679 314 
528 494 816 146 989 204 539 327 9 618 977 361 482 185 244 753 566 666 706 76 
557 639 724 56 681 265 432 885 972 76 724 118 747 104 92 943 890 274 349 977 
640 218 387 597 76 910 800 805 80 503 54 257 349 825 415 832 632 729 83 757 
131 83 130 212 183 642 250 189 928 955 643 449 905 307 921 450 2 944 674 912 
767 798 545 433 811 588 946 456 309 734 718 66 642 508 402 133 115 458 803 2 
936 481 453 764 852 238 948 9 187 1 314 777 562 865 58 621 391 615 908 273 
32 280 691 181 360 207 3 824 671 898 535 526 673 763 466 125 770 193 572 922 
952 544 55 585 482 383 515 92 159 809 783 107 898 735 320 493 69 716 679 638 
220 976 198 930 59 928 419 905 330 726 633 556 312 485 659 87 318 401 266 679 
653 60 401 349 82 67 735 883 249 323 828 799 513 470 280 406 478 90 8 587 
212 684 10 840 443 184 164 284 942 493 936 165 568 167 947 336 305 772 29 791 
77 460 507 474 774 290 4 169 707 808 441 825 641 514 481 189 985 218 35 207 
2 140 885 199 297 450 28 275 62 19 501 680 352 615 52 936 843 950 403 692 
218 858 654 147 456 34 164 348 971 145 320 137 995 582 976 381 159 373 70 551 
697 966 486 503 107 884 223 632 569 721 405 6 177 928 862 26 737 819 612 549 
128 438 491 457 424 196 43 102 866 688 615 187 98 678 287 771 300 651 900 651 
416 315 514 400 146 762 938 38 877 885 881 47 880 89 67 424 873 188 420 315 
130 523 97 848 698 284 482 253 517 981 314 952 86 668 666 418 916 480 107 166 
882 472 762 354 44 3 225 6 471 831 716 923 520 526 66 838 240 742 845 508 
342 152 50 208 365 156 68 395 135 186 478 339 235 260 321 311 667 66 261 274 
425 766 739 927 67 562 658 868 780 846 424 817 749 894 116 426 116 147 666 691 
220 737 518 284 797 689 588 710 653 616 55 941 951 928 33 814 268 405 667 58 
383 754 5 556 644 917 800 791 212 449 138 923 442 899 42 746 906 567 332 438 
675 739 143 662 882 620 181 329 473 584 235 938 496 156 875 820 627 151 582 895 
371 94 669 499 306 425 289 269 513 766 825 872 260 669 645 966 289 980 737 543 
268 76 860 369 807 875 521 265 456 435 525 201 91 786 946 618 938 516 548 108 
346 295 75 644 168 389 336 252 92 207 219 481 165 303 924 466 316 799 472 36 
357 360 814 582 180 526 859 433 468 586 995 623 214 456 361 177 552 867 577 633 
756 869 420 263 834 443 932 138 640 415 456 837 177 968 753 85 988 144 566 960 
880 501 462 120 700 618 397 919 491 214 848 557 287 829 868 728 877 582 971 12 
99 277 9 859 765 50 766 95 717 842 965 934 156 876 597 772 468 54 701 111 
529 64 517 647 8 89 594 277 357 794 787 350 163 304 562 87 592 774 397 707 
575 882 454 347 138 6 703 398 959 794 226 713 138 496 536 168 316 944 600 797 
963 598 474 520 546 712 892 297 826 596 310 658 80 362 169 288 665 405 901 219 
692 776 963 780 415 270 280 559 621 291 620 969 614 265 249 604 39 86 440 752 
563 652 752 788 66 208 216 29 970 32 503 638 731 230 642 89 455 130 174 133 
178 856 663 265 622 213 912 551 746 72 916 740 596 526 628 112 445 718 969 937 
212 63 637 389 453 222 189 439 979 804 298 841 251 968 473 644 764 145 455 419 
548 687 536 111 876 786 194 822 135 715 774 869 247 658 551 152 777 415 806 423 
938 933 852 812 185 251 529 858 207 141 149 744 404 243 486 198 284 217 826 448 
138 695 13 704 91 425 612 16 935 73 963 425 908 907 388 814 171 234 281 684 
583 337 460 398 819 653 220 899 163 281 19 227 765 145 503 115 457 420 309 941 
704 756 332 548 697 567 577 486 106 971 215 922 684 477 666 196 607 427 396 830 
481 427 623 506 873 459 331 262 752 683 19 526 939 928 323 224 738 434 981 644 
804 119 788 395 999 593 704 290 130 910 708 935 438 552 372 803 861 324 323 632 
9 934 699 548 272 45 383 374 462 314 742 745 787 167 192 184 175 166 326 313 
828 279 53 645 395 534 355 278 441 796 805 201 491 877 200 190 879 467 391 710 
157 393 893 421 191 970 355 160 788 354 707 465 147 773 598 416 871 703 548 964 
405 996 842 202 390 665 721 973 321 386 268 199 344 605 585 639 926 679 476 452 
111 302 841 889 153 767 249 265 82 833 742 837 322 874 466 427 522 200 349 897 
93 58 670 602 470 336 556 80 986 816 957 748 343 371 142 138 381 167 876 696 
940 918 923 744 303 983 749 923 704 763 525 529 611 339 452 703 607 721 964 296 
906 964 236 991 613 367 843 635 520 244 624 468 518 933 889 941 309 707 962 763 
143 691 41 917 996 150 280 773 60 39 786 710 767 771 722 613 207 316 64 445 
497 870 373 438 816 766 793 558 74 263 651 811 743 231 345 679 751 777 248 644 
827 324 886 690 192 789 559 608 879 688 45 575 552 213 739 413 760 592 979 664 
112 465 326 649 801 78 237 908 389 806 493 941 767 823 16 477 653 865 394 989 
540 941 377 138 6 577 841 994 744 965 71 206 319 963 236 960 844 914 100 271 
500 955 351 240 501 232 976 487 398 146 613 31 31 978 310 422 953 794 1 572 
551 956 116 998 61 699 669 910 560 634 743 373 222 242 430 980 743 695 525 471 
220 677 334 795 119 151 906 818 804 64 345 564 894 317 516 568 324 755 112 156 
797 813 790 233 466 281 74 18 740 340 241 662 990 571 182 372 36 563 118 431 
44 187 202 874 179 785 789 549 100 41 791 449 100 781 521 505 761 290 362 609 
61 511 50 395 125 4 285 336 871 0 785 236 171 795 636 965 745 774 40 981 
459 535 200 262 940 313 568 949 410 548 111 658 272 465 536 647 815 520 970 823 
711 693 333 82 296 49 982 558 621 453 565 775 787 44 572 858 486 865 146 270 
493 167 641 933 103 976 869 802 639 960 839 227 804 858 72 992 771 779 546 164 
233 438 939 556 243 976 875 526 297 645 664 580 171 858 776 689 978 501 104 651 
874 298 994 497 558 927 668 399 797 346 902 784 700 258 163 51 68 107 45 809 
165 542 579 862 683 935 308 206 712 713 416 626 186 807 508 539 78 13 439 607 
117 479 59 977 838 959 590 629 813 973 57 812 738 426 232 741 509 5 764 558 
817 730 334 569 14 592 957 585 395 978 753 327 251 200 601 560 624 39 922 66 
38 14 856 127 433 386 626 784 513 45 713 534 269 426 274 957 574 892 653 891 
237 367 172 911 104 903 775 373 729 208 520 81 151 966 123 369 289 422 808 896 
800 629 155 25 436 351 468 681 698 242 411 968 725 708 70 656 515 579 871 279 
217 92 327 962 873 933 272 483 506 55 249 925 321 862 362 636 615 275 339 499 
459 12 17 584 442 210 945 426 244 515 911 166 153 601 409 710 931 84 991 596 
285 251 6 358 37 752 110 538 30 645 129 347 777 169 525 836 364 63 715 565 
292 369 656 948 456 793 948 429 901 649 938 933 681 892 255 323 754 67 911 385 
135 428 964 34 882 513 960 540 700 677 813 519 737 860 834 558 510 475 17 934 
136 765 503 973 750 376 828 358 58 248 476 393 244 274 325 311 16 444 849 303 
49 907 398 379 670 540 445 959 627 135 272 610 67 329 119 453 405 553 141 636 
381 261 94 267 900 278 811 804 498 658 226 758 707 56 448 407 792 97 224 365 
816 781 257 785 670 371 882 133 557 718 193 976 393 908 949 503 40 288 144 6 
961 987 321 560 363 414 521 507 353 979 181 320 476 29 867 194 698 221 464 564 
742 614 177 599 384 123 33 620 831 296 931 591 348 327 176 390 704 484 370 225 
376 770 986 321 472 319 887 677 518 109 201 555 193 971 101 908 650 372 73 163 
297 582 131 639 147 406 493 719 42 450 795 510 430 886 120 192 59 235 222 787 
738 29 4 473 605 732 861 405 333 254 767 699 462 338 289 102 622 784 784 508 
386 247 252 956 465 575 799 244 725 577 590 412 815 108 682 639 66 289 937 2 
819 665 313 53 743 741 373 107 886 853 531 509 670 493 316 563 371 918 974 581 
350 129 903 383 748 770 619 236 592 250 232 788 875 100 648 609 483 877 166 654 
594 142 949 729 761 251 917 971 724 57 799 565 743 356 891 637 849 806 399 633 
664 671 467 723 278 657 980 470 491 891 878 920 178 937 989 737 216 106 333 227 
266 274 232 113 407 472 400 821 207 842 342 293 385 824 251 174 347 263 948 68 
197 536 531 721 919 896 876 356 757 16 501 19 663 143 434 636 774 607 167 152 
220 333 40 401 92 965 77 150 250 142 2 325 499 82 270 976 104 41 802 667 
31 998 709 676 819 842 69 332 205 407 48 325 139 799 820 701 47 31 260 66 
163 422 788 950 757 19 895 318 637 462 463 541 382 212 828 702 716 377 304 657 
219 666 483 373 217 897 979 192 141 172 535 747 111 759 459 682 185 513 558 18 
431 541 522 107 83 35 388 472 116 358 45 92 800 926 800 504 792 41 317 899 
491 525 453 889 893 178 671 743 465 950 226 685 941 800 916 52 565 825 803 771 
627 688 394 677 93 949 214 565 207 320 138 869 147 675 223 595 622 765 48 685 
972 696 829 406 471 822 318 785 956 160 770 22 631 406 32 939 169 942 527 813 
190 118 481 943 316 652 637 377 720 977 485 549 11 801 341 374 102 559 134 42 
81 294 945 826 826 618 303 431 28 328 657 911 710 116 124 216 902 474 143 157 
389 567 80 398 277 296 627 189 224 491 508 46 387 469 568 654 451 259 591 496 
367 213 645 396 814 896 345 41 202 68 541 956 677 653 735 90 930 429 903 90 
776 2 322 814 322 139 230 387 59 865 16 735 808 452 186 211 94 108 393 330 
742 649 214 513 406 421 251 734 291 128 40 725 539 236 494 617 727 442 645 545 
513 268 897 540 138 349 794 941 223 462 20 250 445 347 971 897 714 421 539 236 
142 305 496 384 539 473 377 520 601 497 643 55 989 436 595 558 66 424 867 346 
648 272 17 225 692 505 436 127 49 735 641 756 662 88 77 529 879 593 596 75 
176 640 713 254 439 170 206 693 770 645 926 57 361 449 74 473 261 915 121 89 
633 346 403 478 952 53 16 728 511 772 508 929 309 423 390 581 128 564 794 946 
817 197 843 883 971 968 453 767 623 121 426 847 540 765 411 376 350 992 361 726 
628 786 980 914 86 310 404 189 167 315 694 501 239 710 378 735 557 639 619 70 
947 579 102 570 617 642 983 917 47 146 816 906 269 244 610 191 222 285 761 565 
140 255 212 869 461 569 643 469 583 637 308 204 792 497 486 602 257 920 407 891 
467 737 900 829 251 352 968 944 426 12 431 910 784 977 154 819 370 70 869 815 
753 202 687 945 182 763 571 462 467 911 13 43 195 438 558 159 700 152 660 612 
268 371 428 760 306 439 297 910 15 262 409 907 620 406 502 398 69 17 466 775 
959 223 327 212 510 370 550 967 826 514 727 892 547 226 424 362 762 971 225 191 
370 871 967 521 279 921 927 923 566 811 638 804 365 64 383 958 84 635 292 502 
613 376 248 575 455 353 677 532 521 196 186 502 109 843 671 842 603 483 411 135 
712 914 902 526 254 778 715 635 822 555 320 651 123 808 809 870 417 281 329 335 
958 569 467 474 63 337 929 462 311 196 370 443 243 612 729 253 113 237 828 153 
787 129 986 175 430 180 656 617 712 984 414 635 297 916 325 996 761 496 340 76 
899 229 724 510 824 570 176 472 903 146 265 608 667 108 65 9 453 691 382 839 
620 888 546 7 539 124 288 979 658 146 321 93 943 580 129 561 814 741 187 311 
662 343 4 961 687 390 686 730 425 677 475 888 814 167 462 900 531 913 84 592 
370 326 944 24 796 850 512 539 197 988 58 75 976 965 59 660 390 158 561 554 
585 234 999 374 661 911 17 938 129 371 713 794 978 292 865 790 121 704 2 949 
190 390 205 404 45 981 415 408 88 508 58 104 21 362 450 926 921 191 725 848 
269 882 911 338 721 748 396 718 894 940 999 87 168 13 163 649 771 493 792 701 
485 520 897 413 597 357 595 971 587 294 144 302 432 430 917 231 999 150 665 777 
636 888 639 200 203 600 357 267 444 367 414 61 446 490 685 384 258 883 707 651 
810 958 491 845 409 831 172 738 676 866 455 575 714 242 26 400 528 646 27 658 
128 370 9 797 298 626 847 98 723 900 490 206 902 134 102 661 537 269 924 147 
777 248 671 895 736 764 535 985 302 329 837 325 429 565 272 944 530 656 231 506 
793 736 456 829 640 990 433 877 462 224 853 73 253 864 33 625 391 349 279 112 
613 272 35 716 37 618 172 860 324 988 269 737 810 783 85 39 190 142 60 958 
378 776 911 85 521 962 221 366 445 885 106 128 13 851 756 848 183 792 645 393 
27 247 281 791 665 802 824 614 186 190 374 544 325 838 785 310 619 311 426 54 
445 700 600 703 447 122 953 985 644 647 363 184 908 39 938 843 91 847 931 583 
188 414 192 450 582 920 900 901 821 821 34 801 476 649 617 533 554 126 771 494 
507 111 502 129 473 885 266 941 66 576 324 773 379 78 682 364 277 368 184 33 
23 157 11 125 244 190 212 339 903 349 167 848 172 712 741 683 313 826 175 542 
413 243 964 797 711 894 900 615 850 588 301 139 119 432 214 421 924 611 715 561 
988 960 224 998 815 506 729 791 788 44 466 510 268 938 546 994 224 559 950 707 
750 590 419 443 863 972 83 255 541 262 420 966 235 647 677 1 229 453 386 188 
651 245 522 348 775 579 736 26 495 447 127 247 503 748 673 424 7 323 713 835 
197 632 664 346 996 779 77 553 445 809 600 99 45 580 849 201 927 152 236 45 
651 151 312 20 720 200 705 122 157 476 786 11 6 273 214 751 317 938 865 757 
576 662 763 75 114 880 837 389 260 776 183 228 124 16 273 753 14 753 657 530 
923 638 636 268 392 801 880 251 640 390 137 893 812 701 234 157 394 963 463 335 
852 99 753 311 435 296 594 975 851 743 642 504 304 235 416 505 626 201 668 174 
637 917 37 346 587 444 647 177 118 92 359 407 97 137 858 517 335 465 283 693 
238 106 43 852 461 370 934 559 452 751 860 177 370 985 365 444 949 13 136 222 
909 283 509 846 698 506 610 863 736 978 931 788 192 146 446 940 785 435 350 73 
766 869 469 867 601 505 40 618 488 358 270 636 856 232 481 68 904 886 160 852 
479 970 20 12 112 927 241 395 828 430 711 933 705 265 18 949 250 604 335 709 
574 729 425 861 742 315 266 824 505 789 397 317 331 99 148 60 870 185 485 863 
534 643 651 363 716 21 226 79 931 164 410 501 423 276 944 286 975 428 442 347 
144 559 409 577 756 164 500 269 722 952 42 784 848 810 920 764 327 512 852 240 
958 208 9 113 489 913 141 330 427 379 935 204 698 676 92 977 378 717 147 310 
165 324 976 856 801 579 927 408 842 249 394 673 34 512 764 841 846 223 598 503 
667 728 97 908 665 612 542 885 518 990 283 104 542 766 855 564 962 887 432 510 
646 274 546 641 560 68 194 158 109 782 868 501 422 716 330 307 316 280 358 228 
655 967 218 906 741 340 750 886 985 812 10 623 666 762 45 665 631 316 637 872 
903 838 543 117 349 797 457 728 467 118 110 423 734 544 618 613 427 639 470 358 
761 187 663 778 375 721 594 825 503 912 851 734 235 399 646 95 262 180 885 835 
247 400 636 373 90 369 801 64 343 160 559 772 103 293 509 808 324 687 635 920 
360 192 413 905 353 145 243 274 443 450 911 702 631 996 280 847 755 770 135 973 
545 925 65 943 221 856 253 25 73 868 646 846 83 13 786 648 817 748 596 983 
868 245 415 574 67 380 820 564 689 828 414 921 402 96 236 711 786 590 487 612 
798 232 772 453 479 373 92 404 268 784 10 805 367 583 933 342 388 86 607 805 
549 533 780 206 521 360 895 941 630 885 386 393 452 115 965 146 516 561 729 253 
657 125 221 117 774 767 584 763 433 484 888 337 382 631 499 460 662 309 764 289 
49 887 320 833 762 222 145 360 859 242 58 450 945 779 773 86 80 12 146 776 
354 309 256 490 700 776 185 258 58 62 137 130 964 187 935 572 305 783 967 780 
99 366 255 355 171 515 409 137 670 984 977 187 383 593 967 77 944 914 343 49 
556 341 975 937 295 289 304 121 199 167 825 657 988 799 848 505 455 771 610 950 
927 866 558 748 761 736 549 476 945 363 828 689 244 1 813 901 816 985 83 169 
342 271 149 957 511 620 789 844 693 748 897 764 859 754 257 316 576 202 34 319 
767 965 618 441 826 658 621 7 537 978 584 276 246 125 804 208 275 892 845 419 
326 783 988 308 939 728 793 923 690 55 653 29 867 239 807 441 783 296 869 262 
625 190 934 176 661 595 926 963 584 129 673 991 873 507 339 869 261 548 240 472 
49 191 447 751 164 688 612 234 906 267 766 699 177 525 686 712 421 607 386 30 
439 290 49 656 398 687 680 456 924 494 92 276 140 338 888 189 202 498 601 772 
764 451 560 606 215 565 209 434 670 923 562 8 998 319 869 685 45 157 473 404 
413 222 126 823 995 824 720 606 525 604 998 182 540 865 163 830 462 879 525 231 
94 670 564 986 120 840 613 526 199 44 151 306 914 444 78 703 959 41 655 218 
534 854 843 161 658 819 295 708 795 483 10 166 695 808 705 379 586 997 416 964 
860 379 186 777 2 16 963 455 919 214 444 570 628 616 63 885 390 994 643 367 
560 609 626 712 784 825 873 92 574 310 536 495 570 724 482 922 485 779 991 717 
612 701 272 694 832 402 475 400 553 135 400 192 956 706 523 980 450 881 388 285 
259 587 811 718 651 6 215 173 564 19 952 74 12 624 363 413 633 244 247 861 
738 584 958 126 951 436 902 723 628 896 305 445 674 316 202 410 270 985 832 217 
902 10 223 445 945 773 909 576 447 855 131 898 385 751 749 834 906 145 852 332 
262 694 721 780 849 433 92 218 836 253 983 999 787 470 372 463 546 702 606 286 
82 161 71 712 479 178 173 308 572 159 114 144 376 627 700 59 674 91 147 735 
139 3 50 486 740 569 15 399 728 561 118 208 579 539 290 214 779 939 133 27 
933 24 483 367 307 647 506 306 37 192 221 121 981 953 458 439 208 225 423 862 
714 408 148 494 137 118 205 189 125 705 271 495 902 499 405 312 934 74 979 568 
448 785 987 783 474 264 830 641 31 504 222 939 272 290 833 319 348 936 816 292 
669 284 729 10 550 255 218 4 913 293 391 150 885 671 541 697 505 320 528 133 
746 757 922 823 19 391 349 419 805 787 475 124 108 475 852 889 109 254 840 106 
285 750 517 452 484 97 259 784 346 410 950 747 352 480 620 346 578 495 608 252 
723 373 422 924 913 520 560 711 43 599 312 155 793 262 638 289 843 294 477 836 
973 420 465 570 473 921 300 515 653 914 721 599 14 920 16 805 173 418 668 74 
441 146 561 326 566 478 2 341 188 944 578 820 515 0 409 715 197 776 65 746 
492 864 610 735 287 331 971 55 215 769 33 370 390 431 101 740 506 108 129 9 
206 406 371 577 571 700 622 85 773 957 373 793 888 857 625 186 309 958 885 833 
983 310 784 248 67 974 330 389 295 234 507 253 282 791 712 355 589 138 983 841 
680 824 798 885 480 237 391 576 776 136 711 476 661 535 711 380 647 511 769 136 
228 999 895 752 191 893 417 809 329 761 38 166 487 721 805 593 917 948 36 482 
312 883 752 191 50 77 414 229 466 458 58 557 610 378 22 283 405 255 814 467 
96 616 369 37 529 904 210 427 925 535 888 272 6 734 970 363 957 400 231 515 
788 983 957 334 824 717 352 341 325 101 190 34 970 817 65 685 766 917 181 235 
10 836 314 105 337 137 907 247 39 801 696 984 806 935 42 784 30 887 853 447 
813 871 883 854 109 75 414 367 854 449 773 346 524 828 651 165 482 756 997 276 
958 638 387 402 407 608 80 406 701 896 997 681 592 453 651 678 755 934 208 131 
146 938 931 656 594 16 971 126 776 472 22 753 460 873 846 329 103 820 656 334 
155 584 223 378 611 720 303 131 155 770 278 512 153 738 648 772 891 806 618 449 
19 379 654 392 601 64 353 582 175 529 10 344 955 87 477 130 520 990 606 12 
638 559 121 839 83 487 337 175 938 136 368 161 171 558 151 310 979 605 694 232 
990 449 966 621 274 445 205 554 590 568 610 994 842 109 41 231 537 203 537 752 
260 541 804 4 353 233 423 269 508 718 388 912 684 738 468 757 530 458 824 826 
557 671 17 925 186 293 542 65 346 420 135 496 235 924 480 514 916 149 200 437 
875 693 226 510 250 774 579 447 754 831 254 377 86 265 420 524 163 349 400 740 
734 124 602 878 247 487 682 20 836 728 400 85 849 417 433 169 143 380 20 99 
986 794 918 128 536 536 227 687 815 582 358 913 621 978 835 939 758 261 435 106 
554 148 224 966 277 146 273 362 747 363 560 459 115 948 977 558 891 578 502 183 
493 897 666 32 856 166 314 431 546 414 267 611 669 496 63 400 247 432 746 512 
143 981 388 981 36 494 560 940 368 9 661 956 325 28 74 104 215 16 407 441 
930 178 209 936 245 611 127 418 464 427 587 372 33 169 51 457 725 158 297 266 
342 124 239 821 56 777 535 90 400 376 66 770 775 313 495 968 971 247 278 388 
406 115 270 182 356 151 444 392 239 342 860 87 117 434 661 235 669 310 809 509 
277 774 130 321 23 19 163 156 766 907 965 623 100 312 1 741 973 527 582 857 
873 437 587 212 693 901 167 366 228 861 87 906 709 186 328 175 165 488 454 203 
942 311 292 843 647 434 261 337 142 417 370 406 539 738 852 8 999 468 653 717 
878 260 834 848 880 572 972 283 230 48 576 838 275 90 411 871 697 497 497 51 
582 622 64 692 926 375 537 796 355 759 135 432 769 173 251 928 511 108 494 774 
332 860 8 45 934 630 434 708 209 46 895 219 941 156 272 13 265 3 952 759 
311 918 748 368 904 863 272 761 945 418 982 647 590 146 272 599 550 298 752 993 
919 759 909 736 28 20 257 609 636 182 218 266 813 465 446 485 288 890 338 453 
455 343 571 311 972 499 14 69 916 839 950 775 412 149 965 987 578 895 101 823 
127 768 654 12 732 208 371 382 547 414 624 201 7 169 823 350 991 576 995 742 
519 51 660 742 279 793 989 147 559 443 74 176 907 217 854 486 172 635 716 68 
544 731 44 159 731 401 416 451 470 863 639 3 239 879 938 989 960 865 878 417 
28 9 729 60 919 817 376 128 862 683 96 494 224 897 780 39 987 528 79 711 
241 450 874 419 188 251 424 485 672 375 567 485 808 690 42 42 724 456 285 705 
457 270 713 949 609 872 449 808 989 485 267 401 521 256 899 423 871 80 645 141 
710 698 426 366 115 29 340 562 121 318 613 242 846 997 653 129 270 144 243 995 
187 887 950 434 765 32 652 399 719 956 482 974 378 969 861 565 326 481 73 238 
990 723 200 786 539 217 589 673 780 570 249 616 957 104 750 594 509 132 267 58 
396 921 167 407 365 230 249 377 280 792 807 323 755 56 549 178 514 960 81 557 
333 836 133 710 297 951 949 72 601 203 921 600 423 533 356 809 61 584 470 587 
977 385 695 947 689 531 438 513 675 244 577 702 896 231 757 341 977 692 641 236 
898 29 526 18 551 730 753 115 245 735 908 74 346 364 313 182 71 197 913 144 
84 763 109 668 981 340 722 134 852 574 42 95 639 458 193 560 924 502 717 974 
234 683 146 903 778 585 53 204 493 935 223 983 735 967 828 886 949 345 900 433 
547 527 26 761 305 170 844 497 919 987 730 674 358 796 42 465 289 352 962 364 
860 759 120 197 315 215 543 733 167 568 131 141 773 998 47 57 455 677 829 662 
534 304 622 374 792 42 954 945 127 417 442 654 387 447 859 211 209 387 878 689 
83 856 759 419 10 812 683 144 193 91 541 607 468 21 346 643 489 917 211 479 
933 516 243 707 834 910 202 8 192 507 345 409 922 888 863 218 362 311 628 893 
935 356 572 443 878 690 741 456 15 590 645 530 810 833 238 99 274 124 339 61 
736 351 576 189 755 482 260 747 630 56 698 281 410 17 17 538 318 311 465 198 
644 219 55 587 487 0 955 973 554 432 271 633 9 911 90 966 430 749 806 470 
309 519 599 692 889 144 14 821 267 564 596 356 800 869 51 393 690 402 505 186 
138 476 734 781 572 627 225 84 875 401 253 178 519 925 618 917 188 482 361 172 
