808 850 216 437 361 106 745 27 885 994 537 977 26 299 246 628 89 669 228 769 
306 152 896 347 583 571 747 955 185 48 753 216 24 535 850 23 847 339 617 756 
318 58 19 842 429 984 850 975 693 302 523 324 33 231 293 699 565 972 36 649 
214 912 44 223 186 118 425 428 945 154 494 373 932 901 725 575 765 333 71 347 
535 516 956 436 632 440 765 206 636 219 55 319 99 764 459 362 206 982 749 41 
598 911 489 571 294 99 741 495 730 682 395 312 568 575 853 9 509 283 294 267 
787 458 262 412 386 932 510 290 613 806 669 585 678 954 298 689 357 132 963 715 
717 47 590 613 591 880 278 509 2 176 521 154 627 664 151 401 546 656 61 303 
174 408 2 498 218 539 969 237 311 473 721 835 276 196 386 99 180 125 569 653 
607 751 205 317 3 644 955 85 212 928 631 336 505 131 836 12 713 210 206 63 
966 32 382 14 426 345 325 794 455 839 28 187 283 393 460 841 843 344 642 217 
247 188 557 501 535 455 459 152 820 656 296 728 370 250 281 437 804 158 840 360 
849 919 465 879 150 396 516 225 620 467 148 109 907 92 599 16 198 924 199 430 
353 315 417 432 185 400 491 543 284 747 947 872 105 323 190 289 24 41 959 835 
884 621 216 864 608 744 101 38 281 146 815 685 362 308 95 478 317 352 820 797 
897 744 86 40 47 77 484 232 114 593 795 447 734 710 255 74 999 464 527 834 
341 633 108 478 287 972 979 347 286 580 116 686 835 925 513 217 740 107 130 548 
91 227 80 14 39 470 945 357 119 557 693 610 20 889 614 160 494 626 605 694 
386 619 426 491 523 51 371 930 95 103 882 334 555 870 528 360 521 6 6 886 
704 5 70 446 501 322 837 108 281 37 92 48 459 604 535 979 240 632 926 348 
336 120 298 246 267 132 202 948 675 252 822 560 651 10 483 63 280 172 553 721 
176 191 449 808 657 969 500 479 266 326 792 742 231 582 835 195 681 604 285 650 
309 673 585 368 319 754 340 357 630 744 273 192 793 751 805 551 978 817 343 575 
274 539 241 329 325 672 293 118 184 325 850 516 312 406 918 489 228 103 705 863 
902 172 479 201 518 901 638 29 896 244 592 874 631 129 595 732 10 248 136 974 
85 553 553 464 811 345 486 193 291 903 761 758 992 194 153 219 358 968 548 97 
498 482 281 777 865 399 365 448 220 693 99 980 858 759 705 54 318 292 921 8 
187 452 278 89 877 376 552 742 18 802 25 20 417 595 408 403 201 172 878 381 
669 991 424 911 206 863 668 255 586 573 359 951 452 493 678 617 308 888 364 292 
897 162 907 469 827 247 710 201 22 650 119 306 916 726 317 800 458 1 760 674 
214 654 440 366 319 290 202 205 349 960 84 410 787 561 388 525 219 630 964 875 
176 552 888 944 297 547 491 167 637 525 350 865 578 525 3 316 947 482 282 126 
377 658 178 899 944 957 546 139 622 840 375 152 903 278 641 886 461 932 162 627 
463 4 694 713 135 548 161 194 728 999 630 292 543 413 308 349 553 991 814 440 
150 270 962 784 908 980 953 133 599 498 513 749 816 452 936 284 116 450 530 111 
142 912 149 790 615 721 947 144 957 287 511 427 690 910 403 548 54 722 986 324 
216 390 2 428 41 102 36 50 833 487 694 972 670 813 560 580 834 142 767 389 
428 222 79 509 442 585 188 476 134 552 322 740 662 118 283 49 105 402 377 354 
142 283 973 241 183 975 471 264 823 140 943 748 703 314 772 502 919 952 771 391 
635 734 594 836 995 259 285 787 440 481 928 485 444 62 726 101 18 116 378 615 
214 171 389 676 909 68 271 629 944 497 577 142 437 980 90 942 191 990 440 843 
175 985 545 67 986 576 747 296 901 709 361 52 951 131 287 350 870 973 608 219 
117 846 837 600 652 987 985 559 928 86 379 905 829 476 668 435 489 713 98 59 
26 906 852 397 291 908 22 273 339 195 935 775 887 614 449 894 785 361 273 297 
272 618 776 988 618 497 625 261 824 193 580 950 745 76 474 578 801 526 250 670 
763 888 987 978 709 88 347 712 35 231 832 476 294 796 501 364 687 271 631 163 
103 568 265 248 336 801 132 236 825 841 595 324 214 651 158 612 119 86 204 461 
530 638 431 751 147 123 699 27 875 544 488 162 750 455 656 26 9 115 154 347 
556 774 184 812 533 300 190 636 965 559 660 109 327 372 190 955 990 703 250 598 
950 203 114 388 270 836 66 380 668 32 220 598 425 611 418 662 647 98 948 650 
872 755 395 418 641 675 581 328 367 472 2 352 304 656 318 377 710 761 240 197 
143 18 361 14 249 473 130 497 484 527 648 127 543 522 289 865 920 466 963 749 
63 966 842 191 98 223 259 841 894 108 960 621 428 752 499 562 850 777 189 198 
132 818 929 251 995 540 725 493 469 416 817 970 172 553 860 971 347 208 987 131 
495 895 210 285 211 593 904 851 598 306 206 364 72 347 713 773 19 89 824 596 
591 647 208 456 873 897 646 109 532 899 364 471 728 128 16 685 106 423 737 360 
940 443 756 460 247 242 342 926 487 281 210 262 214 958 854 239 883 566 297 509 
828 728 679 262 353 257 368 732 659 265 742 514 637 638 150 133 298 80 513 509 
279 524 11 604 498 669 595 830 468 424 877 170 35 415 572 544 675 489 228 203 
573 663 319 73 224 402 509 128 256 651 810 803 660 899 323 222 996 780 89 310 
203 167 721 508 953 592 267 764 308 400 826 593 785 841 451 508 549 383 617 676 
617 964 400 424 133 476 977 275 187 971 414 470 744 92 135 573 239 107 411 243 
951 397 131 191 85 7 11 395 773 292 298 266 269 243 341 163 282 464 79 947 
16 442 467 975 756 557 157 594 548 793 470 476 841 722 614 308 36 281 223 488 
135 907 344 946 565 625 807 684 236 904 699 912 818 73 568 897 214 60 636 902 
160 928 794 600 996 446 717 514 283 535 967 408 883 139 818 19 16 764 559 364 
434 666 414 399 625 193 621 179 710 623 548 543 820 242 88 391 743 9 382 166 
476 90 403 726 345 660 218 814 830 766 13 379 860 224 535 667 165 344 882 710 
309 408 980 357 431 445 480 32 27 380 58 418 886 16 419 112 394 815 614 450 
608 413 705 921 347 345 880 690 559 591 262 481 690 102 918 209 361 699 378 579 
494 661 161 142 785 762 182 878 213 474 743 536 181 243 987 212 966 164 231 540 
622 607 259 893 541 528 152 755 603 611 381 801 179 789 379 537 302 297 285 49 
299 110 148 471 773 471 634 959 869 651 413 778 634 350 23 289 631 344 675 906 
612 540 674 802 887 996 599 524 796 803 136 217 690 27 807 448 305 297 775 736 
57 373 914 988 500 230 754 582 38 501 983 831 772 760 793 861 740 883 983 350 
19 914 799 685 972 898 734 147 391 368 122 759 1 426 798 9 587 333 846 163 
389 87 844 489 396 526 162 899 633 880 193 752 188 941 457 630 577 689 914 39 
274 782 811 653 557 578 329 10 191 501 274 761 849 254 226 633 490 310 93 475 
78 21 94 258 910 947 880 635 407 970 67 621 423 386 26 682 821 125 738 110 
769 253 365 280 668 218 600 503 689 800 713 326 60 632 358 651 25 446 722 157 
288 907 185 412 472 940 142 517 506 195 298 758 472 324 872 31 869 795 711 362 
622 364 576 60 946 179 320 508 230 165 528 827 980 966 459 957 748 188 352 239 
331 516 17 657 380 436 827 967 557 937 735 802 315 122 48 460 112 652 358 892 
987 280 890 918 393 746 123 55 740 91 736 799 329 184 103 768 501 220 454 911 
610 356 656 368 719 874 154 415 478 181 814 196 619 183 360 110 681 142 607 67 
94 823 726 558 610 592 572 379 540 596 560 632 758 133 657 932 714 637 734 756 
581 725 73 299 907 482 537 722 75 420 616 840 460 241 874 52 64 962 103 961 
824 860 75 1 737 946 660 853 645 641 819 188 965 540 719 106 797 233 678 714 
120 907 590 15 342 953 619 920 891 888 185 851 450 828 45 835 129 773 391 516 
479 567 259 590 716 250 72 544 696 244 623 688 135 763 168 256 706 248 755 979 
369 24 275 104 601 996 407 53 528 492 475 864 417 616 20 179 236 311 955 334 
172 467 100 185 288 516 568 714 450 628 192 684 788 860 562 569 461 845 913 752 
374 513 344 330 817 362 959 418 540 11 697 452 954 606 189 856 755 990 668 870 
630 583 195 131 284 714 977 117 606 533 738 668 113 74 166 370 201 135 516 804 
348 238 363 897 465 350 626 755 561 377 389 459 532 279 915 594 767 44 487 109 
541 973 876 944 811 785 844 999 785 477 786 81 765 176 751 462 594 529 962 346 
505 166 619 706 302 102 858 983 231 832 723 0 233 758 741 597 540 85 483 722 
479 382 451 96 670 914 165 426 83 264 174 502 700 747 982 163 84 419 414 82 
443 432 126 200 42 462 798 586 682 245 995 66 357 825 845 338 488 298 879 630 
678 820 518 735 800 273 141 100 644 277 560 84 252 491 104 442 793 575 703 208 
703 603 260 584 186 462 121 470 953 545 667 401 515 212 978 660 543 265 426 120 
216 478 696 357 281 793 569 184 701 871 160 471 306 94 894 387 127 164 855 29 
883 240 578 628 424 135 817 606 441 609 739 309 191 733 502 140 2 186 633 442 
678 504 296 254 348 22 481 308 803 789 439 958 102 261 860 455 631 39 189 540 
84 723 649 780 658 738 618 313 896 582 447 23 565 913 825 309 924 987 644 738 
766 872 152 610 512 90 265 49 359 51 900 535 378 157 300 668 632 173 731 702 
289 797 900 688 665 450 577 565 674 421 976 94 728 701 396 977 99 269 49 835 
457 282 575 606 235 761 731 902 289 398 954 232 519 639 848 293 906 450 273 126 
318 125 573 280 866 477 689 690 855 712 971 796 700 758 494 642 645 981 327 665 
501 989 447 242 2 821 419 949 912 931 216 663 657 961 499 759 747 382 672 325 
82 162 224 172 328 22 289 939 682 867 369 934 69 971 794 474 233 117 941 256 
772 428 600 97 498 394 322 252 636 585 568 28 934 427 809 461 742 298 175 200 
193 298 943 173 720 118 931 312 716 904 781 375 965 621 735 915 729 952 113 270 
491 934 27 652 338 914 691 717 268 26 793 769 339 218 873 405 878 887 913 549 
35 855 276 722 668 174 286 550 551 764 681 814 666 494 279 928 999 865 577 484 
933 863 135 864 823 939 417 678 360 951 150 849 319 544 498 736 984 504 573 306 
171 556 570 443 977 543 142 990 468 119 674 331 918 911 777 410 429 69 174 761 
677 428 168 587 7 309 23 650 177 937 964 662 645 354 828 206 398 579 622 382 
841 348 157 386 337 259 951 674 717 352 639 518 806 192 384 708 851 852 163 719 
975 786 19 203 110 316 471 479 835 776 543 289 758 521 243 32 765 675 241 94 
560 828 349 532 113 25 566 99 148 247 502 920 35 44 345 456 173 668 786 357 
656 832 851 767 172 740 580 142 402 912 582 750 909 137 344 180 896 465 833 289 
505 861 287 325 636 453 976 589 826 697 263 728 851 585 609 47 578 174 856 915 
681 936 799 131 261 752 95 630 146 959 962 213 306 893 111 725 58 206 294 644 
302 291 196 737 646 397 768 769 785 591 494 808 425 397 836 365 118 975 652 537 
784 242 314 680 551 681 230 473 206 176 268 603 216 706 82 856 656 307 633 447 
679 592 120 764 922 925 989 755 602 479 493 117 889 660 135 442 713 320 172 176 
215 754 521 786 656 493 384 276 962 803 628 766 158 839 396 56 853 138 673 942 
377 465 603 75 773 612 257 354 647 810 968 698 381 475 799 458 558 38 608 214 
35 125 528 521 966 598 723 444 361 795 194 277 881 35 702 907 605 410 170 681 
218 447 620 465 393 397 428 523 171 861 992 214 43 425 999 214 853 731 469 711 
750 175 438 985 868 823 550 132 15 582 712 94 601 895 630 155 170 255 857 292 
518 8 977 771 851 607 55 453 189 936 505 433 252 8 414 929 170 60 571 295 
101 640 845 906 284 114 239 704 24 1 190 949 704 128 811 941 481 23 601 487 
581 204 209 212 796 469 786 150 161 345 996 963 351 8 879 604 67 665 191 609 
731 803 883 88 607 5 406 574 887 705 893 740 718 662 923 133 470 950 570 792 
995 344 26 961 412 863 15 781 527 242 966 854 228 508 975 707 190 183 482 235 
717 973 539 43 135 272 264 615 824 827 597 942 903 16 597 905 164 595 572 204 
87 534 779 982 610 487 396 214 722 111 726 822 546 524 35 333 840 289 816 24 
36 620 124 328 198 993 149 434 879 277 688 282 947 134 351 257 438 785 960 890 
253 763 331 487 342 804 996 489 226 105 898 592 745 905 527 784 199 667 90 212 
526 966 457 831 84 464 370 41 199 131 836 654 142 485 689 870 73 479 159 264 
924 408 872 504 287 402 766 851 538 566 867 160 0 164 488 74 857 14 564 411 
541 5 544 139 829 451 232 706 564 891 612 818 414 486 528 736 159 280 689 180 
695 746 361 990 357 593 349 340 98 870 861 706 808 335 723 545 763 671 360 915 
870 138 795 182 720 227 699 287 16 993 728 593 391 935 493 669 118 419 656 132 
256 186 924 356 737 34 671 783 6 751 744 514 439 762 804 100 411 583 417 950 
979 142 506 554 193 853 916 958 194 332 680 131 786 481 691 513 63 924 498 870 
865 365 490 775 952 221 86 653 134 107 986 772 558 312 160 400 982 356 489 641 
961 627 47 120 992 338 600 354 378 583 973 997 257 784 276 457 711 26 443 329 
545 413 214 826 267 301 554 643 412 901 875 757 724 655 267 60 955 175 524 847 
507 33 216 229 344 112 679 649 719 64 561 791 149 254 340 207 706 591 832 202 
453 6 169 370 178 682 205 783 298 775 143 215 433 748 931 574 669 517 850 158 
669 209 249 112 993 911 413 804 473 413 793 870 617 25 508 569 483 187 309 296 
493 986 568 243 300 414 13 143 481 71 375 121 187 316 130 932 437 30 449 224 
562 446 359 614 262 140 228 770 727 634 450 480 20 720 721 202 485 473 408 456 
947 838 644 393 288 457 790 906 850 325 200 405 660 52 800 507 526 137 937 804 
159 399 86 158 208 257 952 621 986 508 946 442 171 554 714 391 221 848 91 722 
215 642 154 304 384 110 277 564 321 398 210 136 722 378 559 259 392 941 654 355 
270 855 116 437 177 483 681 787 393 761 786 317 292 359 70 603 277 412 534 442 
405 605 665 181 521 147 566 118 757 253 419 749 958 66 453 416 694 489 377 44 
140 845 51 963 386 451 909 78 43 734 203 669 84 37 348 148 890 498 155 480 
29 431 110 939 372 373 919 460 833 37 138 883 958 266 110 339 648 262 671 457 
618 532 803 948 973 342 580 37 791 904 30 729 946 852 561 548 991 992 56 128 
946 421 499 279 40 873 75 534 470 664 324 794 795 782 671 623 697 232 417 103 
112 123 478 888 628 957 642 761 760 355 297 317 234 770 37 537 273 499 945 43 
861 200 36 636 133 372 567 680 495 483 186 626 972 292 676 925 433 552 658 17 
13 574 426 867 440 277 297 680 705 654 305 3 835 408 550 85 281 638 67 508 
151 471 649 912 115 300 152 145 571 511 417 317 553 513 115 953 620 268 556 525 
313 67 395 189 258 960 812 965 118 204 635 910 458 940 604 54 749 17 322 796 
258 0 535 612 801 716 388 464 607 369 601 680 536 219 271 786 2 126 732 198 
220 71 391 556 286 930 820 639 11 229 186 229 556 861 523 415 183 944 852 159 
312 35 718 240 670 501 413 618 786 475 495 885 555 989 734 526 357 313 337 808 
195 703 632 509 75 693 935 566 514 939 309 670 191 89 165 861 780 56 884 148 
338 175 788 997 20 159 25 77 631 97 163 196 528 654 435 804 734 231 593 320 
538 359 373 343 13 189 700 457 785 942 869 785 2 994 269 451 206 766 440 569 
915 819 41 993 463 52 188 921 694 741 754 797 928 378 781 624 857 286 820 961 
605 966 904 272 131 533 328 730 401 673 507 537 793 381 221 879 546 544 139 844 
34 158 946 838 51 86 388 601 579 700 757 800 248 384 949 66 388 454 863 104 
54 727 177 157 929 520 453 327 88 458 656 198 770 178 200 843 203 322 940 539 
115 583 782 260 491 900 12 190 981 791 40 797 772 226 220 783 764 805 458 601 
26 642 459 15 71 865 518 467 841 373 531 342 714 687 832 45 501 970 757 917 
735 870 459 130 627 449 290 101 817 635 459 452 759 392 619 430 111 115 402 623 
115 441 610 553 631 828 652 724 375 194 967 319 177 157 762 679 851 587 164 511 
920 241 418 425 847 916 97 292 844 888 861 15 108 13 513 124 739 886 952 585 
368 460 11 947 987 411 555 507 141 586 970 286 913 225 797 319 546 174 973 552 
838 281 103 138 825 489 928 649 685 414 180 707 736 800 913 458 86 759 720 7 
48 837 724 570 485 482 566 495 737 110 447 571 436 452 143 976 972 253 198 357 
661 186 522 426 823 230 49 147 241 627 567 522 893 948 793 218 868 275 123 569 
835 581 71 885 294 858 663 74 876 137 717 427 403 883 432 872 742 519 914 486 
228 38 217 261 851 743 434 422 836 934 444 644 577 425 516 365 844 92 917 696 
634 421 299 137 264 786 104 962 692 577 590 589 671 384 989 384 330 495 719 551 
247 850 939 152 929 931 344 363 599 808 826 433 428 137 881 407 835 701 160 339 
641 69 347 974 971 121 477 842 130 922 912 381 732 319 518 783 557 140 929 801 
150 264 350 134 444 229 215 102 556 574 568 201 414 108 738 33 607 769 239 379 
516 497 325 328 236 165 599 710 517 234 72 308 329 778 953 134 490 162 476 190 
876 643 194 772 834 20 739 567 604 448 340 228 143 372 926 679 13 581 100 440 
327 919 156 391 585 272 530 866 373 774 658 814 90 518 477 533 349 583 677 552 
761 646 580 949 131 916 802 666 633 53 142 195 901 578 455 191 141 497 19 714 
757 962 407 527 38 638 520 524 336 556 2 67 726 148 263 821 761 711 626 394 
208 438 116 295 614 810 591 263 765 572 90 389 770 767 724 984 336 507 236 736 
402 146 280 137 923 336 428 917 8 559 726 607 393 192 920 245 235 433 309 797 
305 379 152 324 469 979 961 18 217 228 737 26 547 11 664 889 857 427 85 333 
240 938 782 992 156 836 416 644 763 478 473 161 154 469 116 278 837 304 894 869 
153 507 639 201 700 558 730 628 575 470 512 956 58 850 57 805 545 952 205 582 
590 425 299 597 15 154 864 499 554 965 346 416 462 111 61 630 483 107 638 297 
901 879 494 162 453 670 241 784 617 262 159 168 37 970 427 750 369 650 778 261 
460 97 31 179 242 640 93 937 683 962 667 249 508 368 15 888 881 829 604 767 
275 780 118 308 118 25 776 142 543 469 980 394 556 822 315 87 900 62 325 769 
777 875 451 476 843 479 330 326 423 673 307 770 967 124 426 394 780 950 691 5 
641 955 860 682 306 707 383 476 924 642 622 566 407 350 508 377 434 894 433 155 
622 225 94 914 149 741 930 146 124 89 636 139 311 53 11 774 868 72 306 785 
811 10 47 25 444 803 479 224 818 588 50 152 486 29 597 494 662 678 679 770 
720 466 659 823 50 305 296 502 28 149 46 399 672 863 402 634 616 867 123 466 
913 369 182 812 647 309 335 984 354 49 761 501 295 90 464 673 361 552 317 561 
265 386 377 109 860 266 294 368 884 692 786 423 114 413 261 424 666 505 645 957 
615 333 464 825 737 183 571 714 828 3 408 831 292 215 732 44 573 577 226 764 
367 39 466 359 658 192 759 300 102 273 520 399 919 306 116 559 167 650 923 146 
348 464 642 522 675 284 663 44 557 757 279 845 114 725 749 640 331 546 883 7 
604 717 69 470 49 344 476 238 560 380 281 808 592 273 363 863 216 154 74 820 
100 599 501 964 867 244 641 813 228 379 346 673 818 926 991 434 798 423 113 190 
660 475 829 413 80 668 115 577 875 903 989 492 568 262 139 193 764 774 430 292 
758 963 293 915 19 666 869 497 572 119 795 537 300 489 567 848 573 419 945 942 
539 292 551 286 339 969 251 395 940 473 598 901 335 866 673 373 476 458 942 974 
790 537 26 653 311 189 382 642 446 661 942 494 24 530 258 903 636 242 323 459 
388 487 440 642 761 24 409 246 319 735 731 119 945 915 350 170 685 558 283 730 
619 361 859 562 74 575 260 618 996 504 884 64 795 639 675 616 540 438 924 455 
907 911 180 293 79 558 743 281 575 30 631 689 21 89 254 194 130 837 526 413 
194 707 198 611 81 737 840 106 95 938 841 16 992 388 121 799 543 371 452 666 
596 252 672 967 195 940 887 533 559 634 679 376 390 707 961 595 23 501 359 797 
554 725 593 128 23 245 202 813 465 88 998 564 988 320 6 723 693 682 792 212 
889 808 465 772 753 120 212 233 628 170 776 484 893 64 44 87 142 777 958 385 
590 279 565 703 991 82 355 685 915 843 967 118 344 646 442 737 761 698 889 532 
64 434 986 669 169 49 330 678 656 498 46 273 901 342 681 373 470 66 325 63 
270 87 918 932 309 883 595 582 209 257 734 757 427 661 774 192 444 610 91 477 
562 367 474 573 462 511 1 579 984 16 110 398 13 374 651 357 632 473 492 491 
198 213 692 732 510 201 277 606 97 42 166 547 254 96 674 326 650 384 527 660 
558 124 20 413 409 33 374 890 551 815 357 594 842 46 979 536 496 855 748 31 
349 936 436 49 355 309 590 211 151 859 457 206 838 566 24 466 568 990 105 515 
772 61 461 584 636 604 778 738 802 175 798 298 666 254 749 558 114 614 893 782 
432 431 960 65 939 198 905 93 148 934 291 239 158 275 38 408 316 800 547 1 
234 625 458 880 127 19 689 51 10 67 304 996 34 196 476 646 898 397 873 167 
349 226 883 399 502 505 830 576 931 376 940 942 530 654 39 120 821 87 344 151 
683 476 200 991 279 314 948 77 917 681 414 40 913 520 874 282 522 15 310 544 
376 678 422 736 122 388 814 539 915 682 537 347 933 793 770 775 334 545 290 45 
891 556 745 631 666 74 688 505 404 286 462 641 555 880 353 584 136 245 335 297 
121 324 830 383 25 490 865 996 144 481 148 31 644 508 362 573 976 438 252 403 
188 708 461 835 685 992 436 942 94 247 346 193 231 901 821 722 614 720 220 244 
196 546 675 234 929 475 417 601 521 302 536 409 680 962 69 805 61 853 41 57 
212 708 407 435 46 133 7 925 820 849 386 450 826 764 527 415 193 71 413 396 
527 417 938 139 315 641 164 568 523 902 574 201 400 619 965 104 445 805 228 271 
924 462 804 252 610 992 96 357 276 434 744 741 761 367 131 72 218 783 515 779 
456 413 412 903 964 187 590 992 621 299 755 601 901 592 802 627 741 148 509 333 
714 843 152 829 840 335 523 408 679 182 474 807 786 721 435 715 671 838 200 458 
76 832 133 10 119 22 60 494 186 753 631 711 508 98 502 28 619 339 258 372 
448 308 281 123 292 298 259 748 218 211 836 575 324 221 107 851 179 679 842 413 
457 928 831 42 282 679 10 809 338 226 752 212 440 619 295 840 755 144 235 67 
692 626 425 287 493 344 459 36 72 13 835 818 915 855 211 974 122 514 779 589 
709 676 852 735 492 18 230 246 809 859 989 600 413 387 17 408 717 683 941 732 
486 151 312 83 159 320 611 645 46 283 35 423 293 201 983 238 374 625 684 500 
325 179 343 458 861 14 474 237 214 317 811 132 38 436 433 688 405 938 145 212 
229 346 584 472 729 914 465 41 549 7 842 939 560 600 394 849 909 243 317 868 
512 853 292 451 271 430 174 58 646 156 123 862 311 47 659 839 898 757 962 487 
410 718 543 306 776 522 974 703 660 490 954 110 145 573 879 162 889 676 703 184 
185 24 130 569 325 642 308 269 295 739 34 480 740 221 981 682 783 642 882 505 
147 156 609 642 499 284 805 528 828 862 3 76 102 653 486 797 766 675 699 145 
424 772 48 645 555 268 930 90 237 486 960 769 25 855 162 321 269 626 270 606 
881 196 947 771 325 523 247 339 523 67 655 493 637 761 342 166 263 523 359 963 
568 184 246 495 182 884 844 106 160 839 977 939 839 335 992 791 327 642 205 707 
178 24 353 278 295 744 754 482 969 99 284 373 522 462 53 475 434 60 240 902 
723 531 672 864 887 149 15 528 123 922 423 972 781 668 553 38 605 131 325 58 
704 858 841 31 619 882 893 292 758 341 358 484 286 838 993 741 903 191 483 14 
274 571 935 695 4 333 671 557 551 88 902 382 197 345 358 521 993 298 318 18 
57 441 486 37 257 32 157 185 929 997 211 919 419 397 739 227 981 109 707 418 
198 921 535 732 566 320 674 373 22 936 847 54 931 750 872 385 589 681 348 837 
933 88 902 94 974 272 644 481 778 458 317 686 616 765 774 647 397 760 591 752 
930 387 505 752 140 182 811 991 545 721 718 664 345 894 381 25 435 436 889 320 
851 670 508 761 728 588 908 685 434 623 955 469 483 2 52 791 909 24 720 496 
397 921 459 587 991 601 592 841 611 194 988 169 654 640 641 986 763 421 961 199 
347 783 39 970 763 271 216 340 854 852 207 179 802 343 426 85 159 71 831 309 
85 216 419 12 269 784 196 809 963 666 229 260 506 863 162 343 857 281 765 894 
285 921 392 961 655 188 820 895 527 154 746 373 753 936 703 16 471 198 309 623 
415 554 976 269 207 166 838 621 470 648 667 902 444 937 355 401 933 953 737 545 
241 145 408 851 592 224 792 981 197 730 164 460 984 149 201 649 904 982 161 708 
849 892 393 139 498 819 456 236 922 268 81 586 605 323 706 733 585 714 678 125 
614 908 368 455 613 811 409 313 751 814 580 611 250 61 688 102 544 471 14 74 
456 63 723 58 849 882 648 115 564 636 89 526 514 708 882 457 22 805 840 964 
595 846 663 818 777 572 496 151 372 477 398 930 910 97 41 331 903 765 898 806 
138 824 184 984 153 90 18 417 11 921 238 99 909 13 402 923 847 439 33 61 
937 406 864 228 973 730 609 258 622 364 936 949 994 941 468 324 948 462 976 696 
693 88 851 934 396 165 300 155 883 207 482 937 884 40 788 266 412 689 812 722 
255 55 897 634 364 483 341 929 10 984 76 830 419 530 126 12 688 902 591 157 
925 324 533 674 23 844 665 513 771 464 234 625 280 126 38 50 24 546 11 672 
611 193 221 690 693 72 785 365 809 270 553 975 254 767 376 425 89 267 345 84 
675 446 195 663 572 617 432 335 63 289 886 217 720 679 205 860 260 136 514 587 
248 534 587 65 997 646 172 829 282 971 330 497 986 91 518 557 464 16 340 265 
880 474 413 483 232 948 706 798 407 444 42 756 420 638 749 988 826 371 353 87 
963 302 173 376 723 687 301 747 454 260 309 720 420 693 473 183 971 950 989 365 
38 850 296 512 134 278 446 16 958 948 551 191 651 586 618 58 371 586 838 768 
429 35 842 522 938 368 986 52 690 623 437 300 66 276 710 448 196 599 904 756 
456 987 437 852 330 137 992 751 268 277 698 645 45 174 490 906 2 524 608 851 
300 349 92 512 714 705 450 19 504 423 305 993 856 159 884 342 377 409 209 534 
293 310 648 657 815 798 462 206 188 249 195 827 945 266 808 556 750 489 957 402 
722 96 114 918 847 504 37 191 631 916 371 663 638 302 730 413 946 169 782 935 
457 232 410 789 394 653 330 390 23 811 103 565 136 640 219 364 588 590 773 484 
860 777 631 36 40 470 254 472 342 305 434 244 8 759 583 569 878 542 290 846 
691 921 568 963 500 761 92 570 87 888 711 800 224 400 797 955 778 628 965 491 
836 669 914 693 121 415 616 486 789 181 904 933 693 434 232 381 190 913 860 649 
896 168 202 969 348 873 261 132 980 657 879 846 651 940 909 716 621 153 614 957 
215 265 276 531 506 262 478 858 580 770 237 121 648 262 101 383 783 732 838 384 
15 806 516 704 11 248 924 686 411 755 649 581 173 940 861 463 460 685 195 923 
440 683 285 913 214 672 1 459 242 265 162 238 866 618 364 257 765 936 887 854 
403 839 832 55 838 566 236 890 658 816 239 663 233 988 493 130 851 127 998 637 
900 672 751 792 293 236 414 723 687 564 542 106 126 852 245 26 83 253 866 916 
516 829 506 423 816 469 396 443 821 27 924 76 325 905 710 619 601 174 396 339 
20 908 289 738 115 842 702 7 939 26 332 283 763 269 556 107 508 126 724 773 
935 836 579 32 781 596 334 401 405 471 308 372 161 192 343 455 218 920 524 461 
670 125 269 146 902 744 756 570 325 175 251 839 78 315 34 483 461 130 201 458 
169 303 582 340 440 856 345 833 363 32 767 645 932 543 268 991 286 695 443 765 
907 512 411 842 220 358 98 730 252 33 77 53 597 910 460 323 880 556 752 623 
487 257 990 839 774 414 736 555 41 928 690 131 127 553 754 86 800 927 315 32 
434 122 780 787 474 364 381 658 666 164 441 450 373 971 491 114 11 395 202 141 
841 549 838 133 16 626 184 50 410 580 501 739 520 358 316 972 663 337 288 169 
908 232 879 881 350 614 300 31 547 591 314 229 206 260 434 26 767 275 959 318 
115 943 136 923 645 451 974 791 37 333 862 239 416 297 881 821 57 994 186 709 
55 785 608 477 894 367 293 555 802 29 989 420 593 238 43 449 409 331 1 532 
547 920 287 812 926 877 150 886 142 288 421 525 294 744 971 875 51 5 966 256 
403 862 540 753 303 755 712 973 341 837 695 965 457 34 483 18 332 405 511 27 
869 430 781 110 792 222 877 127 828 374 742 224 850 968 458 896 10 917 901 638 
128 329 6 191 575 676 105 79 996 66 908 908 511 493 777 425 934 882 988 42 
154 273 413 507 813 985 784 526 28 444 875 149 922 846 471 260 22 212 83 707 
670 723 869 299 187 382 122 382 334 140 249 372 572 104 739 251 894 771 837 270 
980 888 633 697 268 646 282 324 461 539 543 407 568 991 578 605 25 63 336 452 
771 859 795 204 402 330 751 549 157 397 595 622 35 169 377 267 172 432 447 943 
100 690 118 938 68 632 570 181 770 874 139 668 178 585 348 570 276 15 451 596 
288 150 688 486 440 503 113 867 269 124 165 620 996 528 712 854 705 925 502 480 
637 213 755 245 725 381 979 144 603 55 109 533 209 0 797 176 755 242 50 528 
956 394 917 195 212 212 428 960 248 365 150 905 458 82 144 264 435 223 415 3 
638 179 198 603 231 434 26 105 780 498 900 306 723 58 376 453 660 808 412 858 
88 594 642 958 610 776 769 524 333 304 969 334 414 945 462 996 131 84 63 636 
932 823 111 514 57 452 27 50 493 371 470 404 849 539 994 551 780 726 831 850 
65 334 73 31 274 514 381 0 76 102 947 534 170 994 403 24 70 825 249 49 
246 396 755 245 548 272 805 773 664 198 266 393 281 634 46 94 874 878 938 857 
466 552 144 906 998 457 927 427 107 175 537 155 695 141 83 518 127 153 100 352 
575 983 514 490 717 580 330 164 646 862 318 364 557 482 700 334 465 957 644 412 
135 183 506 247 696 229 542 919 997 919 720 119 599 545 751 573 107 461 947 593 
639 120 513 115 606 924 248 970 698 839 714 618 123 514 125 310 186 116 955 167 
955 824 622 851 603 876 656 329 349 779 42 300 140 910 947 422 492 54 612 679 
369 277 801 478 661 278 250 272 876 322 651 238 267 573 657 731 64 800 111 703 
499 24 183 918 517 783 316 693 96 337 663 197 695 281 73 752 271 37 321 932 
255 503 694 366 356 318 560 48 240 277 802 430 75 594 986 950 451 194 52 287 
384 147 931 131 971 922 665 383 168 102 666 498 193 844 116 340 806 428 882 34 
162 795 849 503 991 411 954 773 164 129 322 356 326 845 62 802 37 175 219 412 
33 696 268 819 37 663 989 979 666 485 64 24 710 211 414 706 391 306 249 474 
195 939 799 381 50 240 521 633 742 10 877 366 169 797 393 383 976 577 585 584 
143 291 666 530 541 979 88 78 273 95 77 478 389 40 659 794 610 586 964 689 
85 834 520 566 576 828 495 853 516 571 679 254 909 324 136 706 622 84 38 451 
639 577 839 385 604 447 278 586 224 893 863 977 770 47 995 587 951 893 847 534 
936 691 552 875 261 586 506 877 769 415 97 914 880 466 751 202 79 10 303 774 
572 848 809 842 885 185 424 798 149 848 144 601 828 819 988 823 958 220 927 478 
503 922 137 347 85 457 148 810 527 408 888 861 492 586 284 572 759 616 429 54 
490 765 900 175 633 201 203 35 688 121 440 346 263 87 998 117 501 230 256 32 
43 922 383 680 522 997 886 862 567 772 68 540 918 860 281 480 262 383 221 935 
67 403 437 500 961 829 255 921 72 377 649 29 195 662 181 550 589 416 800 745 
798 453 434 160 610 405 272 147 11 275 33 738 640 89 198 594 358 827 526 942 
670 243 792 672 935 37 642 816 854 859 865 732 947 292 130 377 133 816 513 753 
184 623 600 453 111 491 819 388 989 363 625 621 328 618 733 170 456 359 93 614 
100 94 275 440 590 215 955 680 520 725 532 209 398 466 690 575 646 65 819 123 
702 316 337 958 541 743 176 674 797 469 672 335 343 569 804 356 383 519 748 276 
193 516 673 604 581 980 967 393 343 483 71 607 194 398 22 976 733 842 640 209 
542 341 945 396 991 948 654 913 991 333 783 470 42 486 399 665 739 405 439 451 
689 937 800 591 631 153 703 187 953 820 70 743 820 480 985 4 917 879 607 951 
925 383 370 53 115 913 367 297 122 813 777 852 636 763 347 236 568 725 910 664 
248 99 994 811 302 527 368 624 384 459 567 645 705 463 557 74 386 295 745 275 
361 876 695 956 297 50 179 37 562 554 209 967 58 481 60 430 508 953 174 743 
585 462 560 883 468 195 362 141 529 342 125 784 561 98 103 612 247 564 647 971 
487 448 601 215 752 52 36 487 967 757 450 642 710 185 496 659 821 573 304 117 
376 448 987 880 440 815 722 764 687 826 918 350 294 815 894 785 161 814 810 975 
286 613 750 88 41 605 105 138 524 884 174 890 453 988 394 562 264 195 167 539 
47 269 353 661 711 128 560 77 741 982 389 829 385 720 360 642 322 144 537 899 
809 784 733 141 218 321 763 703 73 239 400 930 153 75 360 32 779 689 110 514 
413 292 902 394 961 878 73 424 527 444 761 619 757 992 941 270 54 953 166 582 
753 313 43 881 293 110 3 1 81 635 562 776 560 87 61 886 788 718 417 505 
722 127 168 157 992 830 334 4 506 907 259 352 202 315 762 895 145 221 930 509 
49 471 898 872 654 769 2 928 189 474 887 286 970 499 736 775 680 681 111 560 
813 655 354 108 164 43 955 500 87 703 212 607 124 995 839 994 935 649 677 17 
793 209 253 422 728 615 23 609 71 65 281 482 911 117 579 51 389 827 222 481 
958 70 970 284 57 377 608 965 268 487 925 360 10 52 785 594 147 442 782 741 
956 31 53 265 896 429 485 557 247 361 205 414 223 49 748 407 912 615 935 26 
748 563 707 502 95 497 956 506 307 702 813 584 671 993 369 965 561 943 441 409 
346 175 278 362 809 584 674 14 834 7 514 280 328 301 103 162 848 105 278 117 
217 794 340 500 97 432 213 432 321 227 471 495 140 628 787 486 804 531 764 17 
742 984 315 552 959 646 545 701 78 268 694 715 580 102 402 489 961 964 771 231 
361 298 183 881 631 912 578 361 992 34 617 969 332 42 504 690 753 452 353 887 
976 747 958 773 724 690 697 423 768 966 961 260 488 618 840 36 362 50 4 196 
318 381 258 366 685 277 521 101 214 792 198 127 207 596 20 627 745 142 271 885 
564 716 745 903 670 404 524 75 190 668 152 919 957 380 760 807 352 81 544 913 
79 259 874 237 817 240 105 332 828 186 293 27 479 791 281 336 875 553 969 748 
282 221 80 713 174 983 616 69 501 982 252 583 475 587 523 906 96 936 869 737 
388 303 283 946 185 136 466 758 696 175 800 983 350 765 882 322 0 662 909 799 
76 572 60 823 226 730 946 766 412 235 544 945 537 651 648 378 896 222 235 625 
420 600 689 813 418 885 855 515 859 570 374 54 334 275 353 832 853 390 526 320 
443 824 793 621 12 911 150 234 910 424 726 418 495 370 963 446 55 835 799 548 
335 73 794 66 306 347 19 139 267 721 769 945 183 457 786 917 12 140 435 763 
530 416 577 177 601 479 840 729 908 632 786 468 477 756 378 938 640 644 985 992 
844 786 65 729 631 717 193 8 434 680 736 924 677 469 933 429 43 366 886 918 
634 660 319 116 260 420 454 414 225 623 845 966 121 936 159 327 404 788 423 630 
564 789 709 782 46 687 906 727 589 223 254 679 503 672 176 588 820 312 934 416 
564 266 229 125 560 437 915 643 125 918 388 241 388 705 290 576 109 6 112 646 
165 689 520 545 29 178 171 234 222 895 618 733 402 463 738 558 556 768 549 614 
266 490 735 854 585 886 374 419 187 194 438 323 397 318 76 463 340 596 785 969 
225 83 425 336 329 396 12 145 962 625 165 192 539 651 314 280 228 467 907 599 
142 619 206 613 68 949 201 15 802 404 770 959 517 539 860 294 251 83 123 253 
28 920 986 128 273 678 547 276 84 568 487 43 385 249 6 933 891 334 297 961 
169 148 149 397 714 838 83 626 79 906 183 347 697 13 822 887 339 452 523 469 
385 524 67 88 633 348 703 955 808 442 650 702 665 738 148 498 361 542 606 986 
574 315 503 306 74 248 903 804 386 381 370 665 756 121 718 173 152 780 361 142 
622 455 365 510 896 920 261 735 929 426 61 902 271 357 900 643 725 650 277 624 
140 9 183 768 748 358 634 683 285 10 315 447 362 774 970 64 944 733 185 139 
51 714 967 847 554 376 230 822 612 993 882 731 108 713 564 172 377 451 357 641 
152 332 103 381 222 247 40 221 504 121 424 231 590 846 893 629 816 851 13 98 
927 966 773 148 407 163 847 290 283 64 321 944 186 875 299 713 321 475 344 476 
817 556 914 322 34 479 600 999 528 328 577 519 717 10 357 75 631 168 873 332 
571 78 76 432 130 832 680 2 939 200 235 430 898 110 630 749 335 483 197 118 
938 182 449 623 262 243 163 586 987 601 450 762 808 587 758 816 40 529 62 529 
357 920 647 627 611 455 981 104 606 411 383 249 374 390 430 503 770 771 607 926 
227 397 890 300 418 904 161 448 517 592 460 438 942 577 709 18 596 863 184 538 
422 567 741 833 245 990 520 514 609 144 457 450 879 859 776 993 58 789 659 857 
704 476 164 288 62 869 596 659 38 134 653 692 983 936 974 718 198 391 527 29 
844 132 600 220 320 125 894 609 543 219 286 675 825 4 428 271 246 634 374 783 
200 205 308 997 722 716 907 623 498 297 691 451 699 950 278 636 934 162 530 477 
617 616 656 478 881 66 245 997 413 466 761 30 890 842 575 142 462 93 716 444 
415 780 756 202 860 565 385 275 951 2 709 413 489 390 506 712 182 149 647 703 
715 172 526 143 997 878 76 606 491 697 465 951 303 977 505 730 409 859 634 120 
613 45 726 792 990 164 459 236 891 805 866 816 464 472 861 579 648 514 12 126 
490 610 570 317 58 390 387 740 353 695 392 797 775 523 847 479 416 241 725 544 
405 954 869 318 133 374 542 898 355 244 711 998 602 127 798 897 654 589 658 264 
701 153 381 567 534 732 838 665 224 143 166 308 974 44 666 217 425 30 0 299 
871 166 613 237 363 759 342 376 845 204 774 517 780 993 440 104 833 568 437 495 
101 141 999 306 621 195 695 314 901 576 484 926 27 742 54 652 542 468 442 157 
927 237 230 348 686 495 760 720 160 759 882 672 823 651 792 255 451 519 437 897 
120 132 131 796 735 966 409 378 298 965 226 742 42 519 956 20 907 315 190 135 
315 633 685 461 703 376 1 749 110 800 340 277 34 730 963 797 916 733 23 736 
719 642 246 579 112 946 150 894 860 166 162 708 875 350 560 310 139 398 665 20 
792 119 587 326 523 922 356 528 337 699 280 373 589 571 333 221 368 549 285 586 
424 134 995 207 727 367 722 530 998 84 250 708 769 850 404 406 164 173 40 926 
542 191 996 194 621 344 744 628 587 890 265 735 104 596 595 41 375 274 890 154 
605 483 34 628 87 275 677 898 692 929 397 102 620 531 259 662 686 1 88 167 
624 896 265 469 866 73 752 26 28 497 289 773 914 321 186 700 108 736 103 517 
307 320 860 577 505 710 893 194 353 494 322 383 343 559 735 14 608 835 147 849 
509 522 343 932 340 847 994 789 272 411 578 157 602 760 821 742 144 480 993 302 
884 528 65 155 456 239 553 775 922 836 44 143 954 671 748 806 227 221 865 95 
561 538 37 810 864 275 952 166 326 498 88 217 706 789 516 540 988 360 640 27 
22 778 827 643 44 630 935 988 80 588 793 529 969 727 618 725 309 943 117 57 
621 482 746 732 400 878 226 538 202 179 884 992 126 47 535 30 466 153 841 165 
330 306 424 108 872 649 959 638 850 222 227 262 908 449 503 894 16 148 172 716 
515 550 909 454 73 241 26 319 292 55 371 282 641 185 527 791 884 343 437 612 
790 855 620 270 611 783 166 8 529 93 146 354 45 162 378 454 400 178 810 471 
835 288 931 771 534 247 686 875 703 147 932 200 665 497 446 744 235 237 745 705 
307 267 828 606 298 536 389 591 106 121 984 854 253 100 433 159 992 966 909 367 
336 764 60 209 868 22 282 989 59 321 286 338 951 365 18 261 786 22 76 419 
815 86 532 707 485 339 759 159 463 564 555 148 336 194 941 544 557 285 287 180 
211 221 270 51 219 298 867 290 331 574 8 351 616 233 557 910 776 453 291 578 
252 411 338 970 798 573 430 61 751 822 975 670 60 879 217 779 266 732 416 530 
839 974 328 757 523 242 285 521 688 954 686 713 662 394 88 760 666 101 352 407 
927 921 744 451 589 377 150 178 473 242 57 232 990 72 78 797 715 473 522 466 
324 186 33 652 621 81 758 855 124 43 803 254 495 14 883 690 790 858 527 234 
618 388 302 50 774 83 640 655 61 270 965 617 868 861 457 970 290 24 187 230 
205 29 615 835 790 590 264 124 736 65 842 952 708 946 783 280 497 54 64 73 
131 657 966 183 281 755 57 571 219 455 33 502 252 756 355 102 76 743 879 736 
810 808 328 63 608 140 251 859 774 331 900 518 652 643 925 315 834 709 431 848 
891 358 142 926 617 520 97 798 546 858 840 614 940 494 953 621 413 410 811 363 
998 393 740 12 744 682 665 38 112 697 917 217 479 629 180 167 269 218 879 460 
319 767 146 952 598 363 652 170 147 180 456 79 640 16 378 68 296 447 827 320 
241 993 353 117 857 916 161 65 183 272 14 879 212 215 382 188 569 255 403 815 
994 18 759 864 484 112 340 757 283 595 475 696 895 467 548 781 288 547 757 331 
647 780 782 872 431 696 788 562 948 74 148 380 835 548 491 749 322 121 196 639 
681 692 489 183 362 593 581 696 732 602 994 549 30 829 967 279 418 692 188 259 
376 92 568 16 941 771 931 943 795 619 176 604 91 60 405 900 400 905 502 375 
78 74 782 248 475 178 88 963 4 594 294 871 572 109 847 132 816 437 550 526 
86 478 89 258 112 466 343 376 387 5 629 586 909 705 851 828 206 117 170 813 
950 9 401 629 264 830 137 391 125 515 173 217 692 171 174 233 432 125 310 778 
706 164 715 192 969 153 583 864 456 301 973 508 711 299 462 406 28 485 862 482 
691 422 976 912 651 768 945 490 740 7 435 683 590 878 320 473 699 360 483 805 
840 682 993 449 671 735 549 713 985 443 181 884 34 21 23 380 317 406 416 709 
651 223 966 75 278 315 972 343 930 648 174 507 446 348 230 131 143 341 550 239 
30 369 991 870 371 159 730 565 818 590 804 361 405 405 735 577 626 939 935 127 
726 856 98 465 978 451 652 3 134 821 777 543 907 293 924 664 77 134 864 282 
360 118 829 174 474 865 462 454 498 814 208 788 544 503 885 583 149 207 498 608 
276 863 126 362 905 545 116 353 688 457 850 756 233 160 251 438 491 899 522 377 
71 836 296 468 535 327 216 406 750 968 977 443 201 835 380 304 319 587 207 209 
973 623 464 387 501 947 494 694 15 483 572 659 832 733 975 871 779 47 195 886 
886 382 569 564 166 857 676 616 61 181 36 370 323 274 66 910 2 542 557 977 
71 345 228 251 814 65 685 494 53 831 278 382 203 161 722 818 658 729 502 490 
588 686 716 153 362 337 440 5 194 379 105 413 537 893 922 50 127 992 442 320 
755 527 737 127 895 689 620 542 790 235 2 223 362 294 95 977 106 652 953 993 
772 953 610 850 296 984 438 56 662 739 693 127 519 735 803 761 466 343 718 863 
136 840 671 55 466 797 293 744 500 43 326 370 49 592 976 161 617 224 983 676 
616 664 928 712 673 503 989 331 731 401 441 166 202 990 359 562 985 50 630 382 
951 15 936 199 112 224 915 10 238 902 583 958 271 889 65 902 400 95 463 525 
818 441 949 626 652 582 800 262 857 279 161 844 260 590 508 793 593 841 802 84 
518 523 148 127 914 436 833 542 116 455 281 440 399 869 906 444 612 265 83 318 
257 4 216 874 689 937 125 799 204 803 590 96 49 341 711 47 681 395 927 739 
165 48 83 812 923 231 248 76 604 61 416 528 746 343 625 471 896 744 986 274 
434 766 663 245 584 990 655 453 484 148 245 619 820 480 628 16 452 829 342 769 
612 52 358 868 122 785 189 659 1 844 946 914 850 522 141 828 802 389 254 258 
548 217 489 638 280 112 797 837 293 641 598 795 10 229 895 420 35 114 675 488 
282 355 678 358 565 159 720 324 543 137 130 246 177 721 564 437 137 521 358 466 
363 402 390 683 408 31 825 437 909 946 893 28 949 311 742 350 233 598 223 542 
647 52 28 144 681 540 646 520 984 961 663 736 592 984 599 985 269 884 69 818 
479 266 385 143 906 190 50 275 592 125 52 82 43 397 812 552 222 458 111 342 
36 674 720 118 219 323 840 45 58 659 667 864 561 888 897 186 983 994 938 461 
154 862 573 263 890 420 234 175 735 323 375 920 205 115 352 493 565 955 235 461 
630 980 547 522 211 694 442 68 174 866 789 107 509 223 123 965 277 49 94 965 
237 583 53 525 100 419 809 149 493 712 870 628 537 615 220 142 638 162 311 190 
399 701 644 822 795 762 310 94 451 964 151 673 750 982 34 222 488 708 921 477 
643 562 338 424 491 852 624 948 753 838 455 512 808 613 127 86 460 325 477 271 
124 525 215 764 917 632 942 98 297 317 873 350 503 537 735 57 669 891 973 341 
84 401 401 481 411 393 518 786 726 130 706 987 632 308 980 573 151 477 137 498 
455 30 272 439 338 501 893 225 870 452 444 129 471 826 879 338 447 817 217 754 
667 456 579 680 312 105 30 77 414 61 715 790 747 615 8 897 723 919 380 645 
895 632 261 223 995 923 351 114 317 109 439 159 362 183 881 582 123 925 535 428 
977 225 275 365 420 752 695 979 546 85 499 295 166 581 303 480 119 99 786 562 
348 709 58 345 740 255 972 950 722 222 318 417 424 175 155 408 883 873 463 350 
240 360 59 479 574 596 804 627 316 594 655 762 564 273 64 63 272 984 107 832 
691 669 250 708 884 953 193 126 775 858 862 81 548 705 372 221 396 958 346 801 
601 16 632 49 381 673 802 706 206 746 352 531 312 387 164 911 796 429 197 216 
592 571 564 654 526 446 718 104 378 161 170 778 606 501 195 15 448 462 735 537 
870 517 505 376 793 14 940 967 912 309 249 165 294 789 595 650 7 209 113 200 
191 151 100 741 435 553 25 46 804 710 449 533 905 569 567 718 732 568 346 303 
761 127 396 22 306 806 561 831 902 449 612 142 667 854 847 282 41 508 538 547 
185 866 414 238 726 78 578 702 195 816 269 676 486 789 957 786 675 64 32 133 
667 222 705 818 566 112 477 98 223 535 654 185 488 667 151 907 830 748 778 191 
173 509 487 257 703 726 685 555 145 521 318 595 71 951 918 139 113 52 172 597 
486 168 28 181 304 759 140 668 24 652 446 378 587 313 822 620 876 506 908 142 
157 819 460 434 193 590 748 274 692 178 237 290 484 472 590 714 921 544 677 290 
124 692 63 479 516 643 59 749 550 529 618 157 310 812 313 738 657 690 426 950 
77 746 864 330 115 648 234 822 788 869 410 485 562 69 382 429 272 363 30 269 
45 491 847 0 668 342 87 770 631 939 690 384 46 763 61 581 123 190 825 265 
512 493 642 532 11 888 121 493 256 785 454 676 455 224 362 558 920 160 644 666 
596 553 546 351 998 615 491 473 258 964 267 828 165 698 262 192 758 780 504 190 
402 437 173 177 726 856 900 512 985 769 433 507 343 116 667 116 798 206 707 153 
122 664 663 319 980 979 814 329 867 744 261 65 505 831 913 549 345 883 469 334 
175 891 790 477 977 276 301 503 700 886 310 867 91 52 159 337 883 744 426 982 
946 846 86 917 50 391 219 280 112 865 45 983 266 157 171 399 377 282 128 55 
195 224 90 808 387 487 97 507 965 385 346 527 684 517 180 339 223 61 59 496 
372 194 108 211 427 951 616 810 503 444 868 645 160 468 887 503 708 929 558 708 
7 510 709 821 545 252 247 946 367 465 216 432 12 631 641 563 57 641 588 814 
627 211 440 632 405 850 967 425 901 634 662 845 723 943 5 592 71 381 191 379 
290 676 900 262 233 230 597 303 413 971 368 225 798 328 269 169 433 355 944 453 
55 994 729 846 984 956 72 903 352 831 724 534 425 748 365 803 313 417 200 254 
982 741 356 502 375 369 51 431 676 341 19 572 337 465 350 430 127 37 407 67 
787 594 757 330 435 187 292 510 542 678 874 33 948 896 376 435 30 512 682 851 
727 690 817 709 691 799 86 573 878 122 321 499 321 262 172 248 144 479 945 480 
55 103 315 743 119 362 532 297 748 531 330 653 409 960 775 897 677 420 1 276 
431 900 320 720 440 28 423 23 537 26 244 216 765 610 723 281 768 52 887 463 
824 500 898 84 402 465 224 112 328 512 127 563 370 969 186 730 482 146 95 880 
293 746 156 631 663 185 497 799 94 791 786 718 562 626 260 648 851 196 610 201 
59 627 536 249 741 682 128 96 791 473 883 602 556 241 611 276 285 947 310 8 
457 153 997 485 114 645 558 875 363 360 503 653 526 150 268 407 522 304 474 866 
22 697 613 998 327 558 583 344 944 312 338 340 450 164 640 365 177 196 673 82 
170 615 589 131 234 295 330 133 849 82 368 425 679 571 451 364 605 497 169 203 
799 528 725 789 520 62 955 829 758 449 453 616 968 600 141 172 230 879 3 778 
784 15 146 333 274 981 998 91 782 770 121 324 786 443 350 136 579 537 533 990 
642 939 785 307 382 403 86 487 107 783 71 254 89 17 423 789 864 345 590 756 
946 73 774 355 921 273 599 120 4 724 856 904 692 266 758 315 427 96 706 661 
767 717 518 730 451 215 8 402 120 445 603 30 346 318 354 354 229 762 126 571 
794 279 754 730 84 399 965 521 352 895 399 686 428 531 832 398 487 952 293 652 
722 667 612 306 157 401 667 14 117 254 20 577 413 1 180 269 538 832 500 365 
564 72 918 193 849 368 540 705 740 558 22 194 662 458 699 535 788 362 946 674 
466 229 409 715 485 676 973 32 551 734 427 310 631 43 671 758 335 435 603 660 
914 272 363 92 245 329 446 926 502 761 239 308 770 928 389 121 331 71 791 868 
234 265 84 308 817 208 882 527 269 310 485 758 178 854 531 515 319 930 174 478 
795 606 482 68 767 493 327 954 430 402 480 32 940 258 541 105 83 416 431 121 
811 168 690 56 626 976 400 807 42 972 171 680 91 586 730 747 577 597 792 630 
727 565 938 725 867 303 72 235 548 729 549 735 738 249 386 98 749 294 960 487 
888 231 765 580 439 139 392 9 559 49 856 823 557 441 947 250 761 898 987 258 
492 197 589 807 528 625 548 219 496 913 556 412 104 851 483 481 118 155 997 693 
152 951 631 530 952 660 179 553 678 65 102 455 428 546 23 577 816 200 122 779 
981 919 651 381 787 808 126 712 104 968 726 48 111 777 125 474 872 231 428 751 
680 198 899 201 259 490 675 230 239 478 786 627 11 849 831 603 807 374 694 392 
998 900 814 425 729 62 457 933 206 218 300 374 217 519 201 593 817 419 257 358 
215 563 725 707 322 688 30 622 351 726 227 362 863 181 916 889 616 941 877 443 
537 294 829 822 976 318 495 519 863 711 832 192 543 856 859 682 811 402 609 461 
912 566 501 557 691 333 39 71 924 616 207 565 377 185 629 902 958 786 310 890 
388 725 353 604 263 891 843 241 837 641 208 712 996 199 491 866 634 787 776 84 
347 654 704 883 863 533 437 63 10 107 374 411 240 964 357 340 496 733 70 863 
152 803 659 680 490 298 215 273 541 423 911 144 431 687 664 4 130 425 644 161 
756 601 455 273 732 222 265 622 137 583 973 285 973 970 378 309 290 61 887 481 
956 105 508 106 727 179 118 561 474 700 692 459 365 188 752 461 638 434 624 242 
698 703 414 35 907 437 132 646 837 594 532 987 813 913 823 3 868 962 300 977 
352 880 211 93 315 84 43 751 825 288 97 169 932 423 529 664 794 483 346 916 
650 527 70 310 514 375 159 506 796 396 712 165 683 468 882 376 633 641 998 638 
690 688 699 10 670 974 960 981 330 302 28 519 793 630 764 227 618 235 245 160 
466 745 363 828 11 416 809 260 956 739 98 178 723 218 567 319 824 579 545 817 
212 605 74 958 643 429 543 73 613 453 161 220 211 801 997 695 112 355 680 568 
630 626 558 988 411 679 957 981 315 904 166 797 296 16 732 913 350 126 608 673 
916 205 339 279 841 493 325 518 923 207 303 69 150 383 564 868 634 621 245 830 
142 836 901 800 828 143 137 705 685 216 429 642 406 579 331 104 11 43 565 72 
75 35 373 634 252 456 802 481 969 741 694 802 849 703 103 731 290 810 11 526 
653 259 143 622 356 952 808 336 689 508 203 390 593 120 171 80 985 54 698 444 
151 256 618 776 828 361 859 53 321 289 728 279 344 951 229 506 964 610 332 559 
388 81 928 63 964 260 633 95 244 290 178 932 612 60 287 505 944 498 995 183 
721 68 249 205 157 52 65 984 128 290 813 228 395 248 700 172 836 632 511 6 
701 338 675 146 713 34 790 149 212 402 69 633 987 852 189 487 37 618 65 768 
440 249 516 440 846 331 447 356 553 932 749 782 37 440 820 310 741 971 799 507 
353 729 914 634 310 791 982 646 6 377 918 825 114 654 824 698 422 17 600 208 
388 305 570 102 83 971 287 903 912 182 177 787 470 663 330 979 275 254 714 450 
99 49 976 148 136 888 779 915 578 289 97 184 540 341 391 215 911 834 946 430 
371 658 374 839 443 756 853 715 696 594 58 698 193 259 398 289 578 553 235 643 
618 501 840 459 601 618 444 80 138 71 174 954 189 377 420 684 464 393 754 147 
15 73 110 438 946 925 314 287 974 464 706 73 854 836 6 1 396 390 617 762 
226 785 619 260 134 458 772 684 502 788 347 906 368 709 782 823 325 104 586 438 
326 421 286 573 215 774 971 267 676 899 614 732 418 144 897 691 135 845 470 679 
604 526 374 345 121 964 106 877 378 613 583 135 25 135 959 616 868 699 150 809 
585 831 330 639 31 684 359 616 47 322 674 77 130 952 620 376 732 520 769 335 
162 170 177 954 392 304 831 850 830 291 929 362 732 860 711 235 931 773 863 890 
190 729 663 997 985 80 605 630 656 504 276 270 580 793 440 566 442 71 356 330 
892 294 426 759 115 105 587 215 989 843 999 698 276 818 839 663 616 456 280 68 
510 28 787 698 312 97 484 364 351 101 648 753 158 588 498 320 969 366 679 148 
462 694 96 944 946 557 720 244 783 223 175 673 837 884 46 274 351 297 620 299 
759 432 865 686 580 117 41 156 147 195 290 9 612 959 754 91 303 130 179 244 
327 893 16 150 109 80 221 526 768 907 433 348 467 625 823 642 351 890 614 867 
971 360 382 415 17 796 772 92 612 937 976 878 95 505 268 298 958 376 527 159 
643 342 243 975 434 920 996 5 742 513 355 382 456 541 265 621 797 806 224 226 
295 595 222 235 15 237 899 102 481 212 838 749 136 10 874 203 84 774 903 798 
337 963 598 349 243 938 837 60 150 814 916 262 10 166 919 42 95 560 381 177 
701 708 376 815 488 759 350 312 2 393 719 453 33 281 648 743 202 663 648 35 
822 314 625 223 269 931 881 668 584 82 921 556 803 504 22 982 946 661 966 839 
699 362 973 579 501 801 81 493 368 812 370 27 101 100 935 694 582 619 349 425 
113 939 929 135 666 920 703 513 71 996 291 648 615 322 313 888 493 765 745 622 
930 929 493 388 585 794 93 747 623 172 915 960 787 403 387 761 562 725 773 153 
270 268 558 322 655 56 43 267 306 940 919 875 314 311 463 877 188 390 389 781 
688 288 522 633 92 43 176 611 995 669 702 678 727 885 572 6 114 331 746 245 
547 229 157 556 799 164 242 895 366 175 77 148 839 806 236 909 759 793 751 348 
862 489 11 111 402 319 576 564 216 133 968 990 368 834 745 224 665 914 980 785 
117 36 918 529 766 318 7 660 361 654 770 661 522 66 180 812 104 643 81 955 
882 893 67 77 234 322 476 696 817 735 414 460 291 231 408 628 84 863 372 165 
252 227 623 797 495 31 737 318 416 991 334 859 959 258 524 490 152 557 877 115 
390 717 399 544 511 311 315 101 642 467 523 577 863 942 975 725 694 999 866 805 
770 101 88 517 223 94 707 86 210 3 982 345 912 930 681 532 178 428 838 234 
143 833 236 759 170 64 690 741 798 500 334 856 839 771 295 889 146 480 567 665 
272 260 253 44 608 664 586 96 539 798 987 502 523 649 174 144 926 690 440 628 
575 45 566 696 910 707 947 262 593 944 714 362 515 456 500 890 860 422 99 13 
154 773 968 703 110 283 354 876 498 747 561 426 25 361 570 189 279 835 3 181 
123 230 106 258 194 551 425 587 519 620 20 235 823 2 494 125 233 87 913 202 
494 298 428 273 845 626 474 374 323 293 929 213 993 531 288 304 574 641 541 96 
590 194 573 121 731 963 245 850 307 629 873 547 370 401 923 254 586 999 62 163 
961 440 155 183 386 789 996 397 533 351 559 705 475 528 798 904 69 505 708 979 
981 694 842 206 127 551 356 252 801 320 701 877 425 308 154 707 646 93 245 537 
193 439 465 653 341 686 158 223 573 308 805 642 829 744 318 420 309 4 847 937 
201 413 113 476 27 225 598 656 45 819 245 363 754 730 209 508 213 716 166 895 
596 349 958 455 358 460 915 532 538 616 486 237 426 782 904 327 320 119 894 462 
552 488 18 460 494 881 248 328 809 650 758 840 961 202 328 130 229 275 603 63 
448 379 328 873 276 452 571 207 703 214 724 814 830 370 477 283 471 378 542 726 
547 432 222 385 876 349 115 330 804 299 236 404 286 45 700 53 248 357 193 763 
889 638 270 120 167 419 654 928 53 79 787 273 3 759 198 803 790 493 951 279 
370 94 254 356 541 502 667 544 533 650 972 820 133 47 149 651 852 105 933 901 
918 367 646 167 448 5 445 701 998 241 507 226 911 202 755 895 315 470 29 371 
715 700 762 842 467 465 17 400 796 278 586 112 524 529 288 24 850 763 612 863 
340 803 888 907 35 617 417 868 490 733 90 581 843 89 468 164 771 748 34 151 
607 73 236 345 175 383 154 325 801 378 699 251 433 682 6 153 119 546 578 764 
722 676 121 15 892 619 418 66 470 817 559 175 822 770 396 329 949 112 882 734 
358 336 826 159 740 982 973 749 627 181 388 246 513 281 668 0 998 536 524 933 
531 958 458 304 439 168 394 896 240 732 152 778 40 415 233 827 501 871 173 270 
21 626 424 851 681 829 9 425 226 306 122 93 466 524 865 395 85 517 750 53 
751 91 310 938 223 766 743 904 36 653 958 853 391 969 309 290 282 737 625 666 
335 608 827 977 636 700 117 560 845 976 31 680 963 637 42 253 515 60 606 142 
674 696 415 353 56 50 861 380 522 484 804 890 13 337 448 194 640 268 589 934 
737 225 463 67 202 346 702 20 685 419 652 236 358 664 905 419 729 85 710 649 
547 613 33 57 877 303 377 992 694 614 91 214 936 624 620 443 807 866 144 94 
197 178 602 986 41 125 524 259 816 578 377 960 421 270 74 616 470 601 358 26 
23 417 469 47 315 518 967 611 727 373 496 52 673 353 991 138 753 407 568 800 
656 945 502 121 446 198 117 575 496 239 791 824 698 957 541 178 440 929 552 313 
156 644 624 262 435 712 781 538 304 510 140 531 510 354 309 46 240 740 163 430 
891 441 659 91 567 649 393 71 273 634 79 701 365 53 359 651 730 703 282 210 
350 963 546 427 572 653 446 356 730 770 180 467 448 415 604 171 790 903 313 749 
470 553 835 568 706 41 804 868 967 990 928 587 322 124 824 25 961 907 376 14 
389 295 639 233 958 281 80 815 72 798 95 260 381 895 229 578 540 881 264 352 
248 989 965 972 196 723 287 884 725 394 220 154 536 387 214 830 606 679 432 648 
196 942 569 374 520 546 326 570 74 979 83 104 607 260 601 78 796 318 983 53 
609 844 914 320 963 718 615 619 502 930 659 701 723 79 1 184 95 76 235 25 
524 505 572 843 4 884 326 25 187 767 928 372 516 967 818 697 614 792 523 447 
457 568 579 183 292 482 157 813 704 35 263 830 723 530 781 82 94 851 50 572 
47 61 641 472 814 693 644 341 906 178 890 258 204 578 126 406 87 325 78 866 
181 729 529 514 510 653 260 125 925 907 271 120 835 255 147 473 728 861 687 483 
102 810 100 182 641 161 893 625 68 545 771 746 750 373 40 244 37 380 67 763 
9 474 139 476 548 239 975 57 249 830 900 531 779 457 577 208 127 499 56 200 
812 982 982 643 329 630 925 597 768 974 223 348 787 194 623 857 36 500 82 389 
993 642 820 463 287 952 480 283 414 226 911 668 902 773 957 237 768 686 896 557 
480 603 259 257 90 457 346 119 154 822 7 200 272 784 636 732 292 957 474 909 
951 420 874 973 234 652 449 769 74 868 89 979 724 963 438 586 982 801 286 757 
839 893 949 704 559 728 895 901 770 274 423 614 880 379 248 930 17 421 178 199 
488 24 456 664 901 886 759 990 919 281 769 907 570 697 147 909 557 162 724 704 
239 229 463 951 508 382 690 764 770 14 368 582 105 914 604 747 418 500 263 686 
54 864 548 650 371 282 578 848 595 222 674 981 301 520 234 192 64 621 440 339 
557 897 979 927 21 50 958 309 763 301 654 610 235 272 655 170 114 64 954 577 
464 260 114 517 100 905 575 472 478 808 930 462 987 669 474 569 724 392 134 301 
504 849 676 721 932 904 82 58 912 59 723 175 116 76 68 968 554 282 367 880 
605 567 872 509 747 225 822 333 863 581 796 620 450 537 577 539 851 144 101 315 
260 812 69 978 431 687 912 165 433 306 690 63 694 274 169 337 301 63 191 603 
85 7 496 497 24 355 572 841 855 592 175 580 126 769 447 116 986 91 373 45 
280 769 664 694 456 217 543 138 193 278 21 482 126 511 441 109 426 896 615 659 
505 760 585 902 95 675 282 739 52 969 301 487 184 63 609 165 67 204 368 279 
280 798 488 403 491 382 889 272 401 817 928 816 519 680 267 969 526 875 502 255 
757 986 198 244 80 108 348 731 791 187 605 305 426 847 503 285 539 890 518 673 
772 836 936 393 315 297 741 108 91 776 771 633 998 484 153 708 680 960 443 832 
661 638 101 95 109 553 251 840 631 989 361 945 675 811 102 798 701 73 647 824 
7 153 489 560 62 329 374 214 240 507 724 6 332 478 826 474 51 572 116 38 
213 381 801 823 255 661 92 389 948 385 512 492 569 80 559 285 397 759 421 202 
97 933 992 506 692 537 330 138 819 929 754 637 271 452 344 452 503 137 840 321 
792 826 217 896 849 764 855 848 148 304 509 521 898 558 14 151 486 936 822 726 
293 710 789 653 644 33 380 151 955 825 251 72 57 202 530 230 0 476 287 240 
154 403 207 427 299 999 368 242 689 708 862 214 130 372 349 895 869 707 655 113 
692 908 501 307 568 307 35 324 717 786 736 550 415 248 667 47 37 238 60 646 
205 100 362 523 529 668 833 194 177 508 31 706 873 634 734 785 75 611 508 882 
472 165 281 121 628 710 465 222 695 557 140 481 867 575 890 213 306 716 74 640 
960 915 724 401 898 619 830 523 725 572 540 321 353 381 812 786 647 111 993 128 
329 138 318 123 666 815 597 715 518 701 176 574 307 856 608 847 319 543 940 792 
355 325 77 625 457 802 183 937 27 522 530 580 612 159 650 277 290 947 524 406 
68 408 283 670 232 11 369 99 161 918 185 121 503 990 485 257 191 860 219 221 
477 463 246 874 759 234 626 599 356 314 295 766 868 220 434 88 145 740 121 86 
63 88 189 133 864 670 949 17 276 587 784 78 175 903 891 107 762 973 468 72 
639 246 190 681 447 48 479 780 454 387 22 679 906 533 80 637 831 615 309 883 
975 616 174 205 920 256 106 855 462 119 906 169 379 750 73 218 572 478 0 416 
422 209 425 319 184 494 418 305 723 360 988 237 632 409 725 322 512 691 883 29 
706 248 706 689 976 50 463 79 627 85 318 767 313 980 497 926 403 345 338 992 
252 353 67 567 135 495 508 940 376 56 333 718 190 535 533 617 759 586 466 841 
5 117 721 855 15 157 528 291 915 63 410 882 362 258 443 74 149 3 332 60 
631 184 458 185 155 686 394 33 983 14 304 487 408 118 536 425 113 181 460 78 
78 385 240 185 158 956 666 293 417 891 973 241 93 585 840 31 847 308 963 40 
601 207 90 178 391 928 293 548 886 170 822 128 102 717 869 362 903 541 640 705 
763 721 479 300 739 757 952 799 901 537 182 462 491 483 519 177 743 59 22 320 
6 462 494 689 739 765 376 904 326 326 391 430 252 115 402 77 472 642 154 674 
186 414 500 452 695 379 713 693 874 551 260 327 146 607 12 112 747 296 811 321 
313 839 830 459 563 299 725 667 660 402 621 480 424 737 333 882 181 880 838 805 
431 276 279 711 833 911 263 926 272 213 492 149 682 521 684 729 384 96 10 495 
296 411 419 448 342 443 369 951 379 184 487 235 678 243 319 104 59 821 257 835 
697 486 940 717 177 330 106 511 19 626 479 704 835 31 266 451 516 300 263 116 
115 477 68 876 656 218 427 931 977 768 352 646 487 146 947 841 236 676 832 790 
245 608 165 231 429 765 931 768 67 141 409 321 677 389 413 266 180 642 316 408 
202 938 29 343 649 361 41 664 229 877 717 654 453 900 531 35 623 637 374 320 
890 396 469 837 743 2 170 813 450 716 739 238 510 658 424 783 39 59 486 515 
916 543 507 366 580 117 315 101 656 119 835 434 497 331 76 424 691 379 642 100 
139 774 414 685 837 8 488 998 986 840 49 353 55 193 760 62 105 11 523 436 
464 363 513 311 873 808 366 635 361 495 718 120 766 218 333 735 584 284 295 659 
968 64 235 323 496 563 229 55 52 399 597 305 375 41 426 327 385 757 210 510 
215 616 174 737 395 47 690 465 310 462 339 311 939 995 284 664 622 605 482 297 
525 695 246 532 182 737 940 265 409 704 218 416 415 149 138 453 403 324 715 910 
504 502 165 209 699 193 172 801 906 486 207 379 941 380 457 428 836 251 80 14 
634 243 500 442 584 254 394 719 709 715 841 660 116 580 973 178 591 283 147 22 
283 592 212 302 723 302 877 98 986 367 453 173 59 101 673 3 971 3 541 85 
545 715 772 99 724 553 314 754 271 791 656 102 385 986 192 937 376 374 497 669 
206 318 325 910 996 534 553 236 55 756 69 280 688 420 180 100 600 27 630 576 
939 7 188 306 4 485 196 101 482 338 207 526 466 782 310 107 533 166 228 836 
476 17 352 671 992 758 9 559 247 292 711 228 340 121 200 993 861 583 392 482 
403 540 701 844 966 424 610 282 839 453 57 525 34 506 351 499 92 953 402 931 
25 618 702 168 65 623 113 476 139 993 300 407 811 386 875 56 64 357 311 827 
393 683 65 740 226 464 913 715 929 365 545 393 526 958 635 489 714 831 394 394 
647 411 328 612 920 422 899 154 282 908 157 311 452 744 853 19 243 273 8 840 
529 418 588 448 735 249 430 698 200 667 706 876 887 214 3 243 28 718 676 617 
604 620 710 174 583 820 450 386 437 302 418 873 923 904 652 89 98 874 55 704 
282 650 984 842 597 760 438 81 206 716 845 717 172 719 648 31 434 232 395 120 
321 136 888 151 991 375 896 331 458 200 669 294 728 595 133 467 369 859 401 553 
839 687 783 215 60 180 309 371 197 362 495 830 638 573 210 418 390 56 450 983 
884 45 249 194 618 456 329 719 25 533 244 257 390 967 370 431 267 426 611 857 
73 659 525 843 524 631 296 361 855 697 176 877 74 672 427 468 345 248 716 591 
551 256 975 897 99 260 222 709 490 331 363 26 645 708 766 512 44 236 946 5 
899 420 443 100 187 329 419 894 612 283 941 331 91 250 185 122 519 102 690 415 
584 982 956 821 505 619 698 517 957 838 847 85 344 407 355 764 544 944 328 117 
900 777 622 211 251 653 356 452 744 325 399 408 869 683 440 595 790 642 377 257 
719 332 504 906 864 444 520 7 928 197 612 659 304 242 413 61 569 816 550 46 
721 665 174 102 289 954 445 340 715 87 755 693 411 294 309 251 602 145 514 522 
515 680 613 216 160 22 403 436 972 843 488 8 399 618 109 169 253 763 260 455 
40 332 359 504 575 284 542 777 855 728 184 960 409 505 28 892 884 62 488 214 
621 518 242 780 44 584 36 307 864 295 989 212 606 888 150 699 222 78 67 244 
622 704 579 831 179 928 673 430 437 904 996 227 299 841 3 511 231 492 525 769 
619 716 160 60 491 563 360 541 213 668 403 355 287 953 555 831 552 726 484 446 
858 157 294 172 22 260 84 692 616 404 878 766 476 339 885 87 162 764 957 319 
646 726 656 223 11 186 632 985 185 353 748 733 731 262 951 929 198 439 150 753 
864 681 673 599 789 764 627 21 88 501 645 576 544 908 48 831 497 949 138 573 
660 482 642 491 417 25 807 473 932 794 215 998 486 52 916 295 374 272 507 764 
55 309 632 417 324 86 692 804 761 385 368 898 491 234 695 791 123 784 438 269 
255 885 487 908 2 307 192 668 974 821 229 327 158 396 629 666 632 580 283 941 
131 703 587 57 886 479 321 114 601 9 388 37 896 792 456 603 781 72 516 326 
724 661 385 892 270 499 781 242 510 159 943 683 248 941 331 633 979 771 520 347 
380 774 9 823 205 508 33 306 966 338 410 134 995 415 687 51 877 952 808 250 
694 573 838 109 527 276 640 771 300 341 950 251 67 910 548 630 304 775 713 722 
781 160 128 212 776 458 198 270 941 924 94 657 78 559 793 708 464 644 754 102 
376 708 849 529 814 920 830 552 401 19 649 122 995 428 199 239 293 384 104 186 
574 183 830 384 24 998 752 608 100 117 416 819 824 306 346 990 854 838 647 174 
702 878 41 723 150 861 119 152 930 0 475 82 591 562 410 678 284 289 11 576 
18 600 412 602 27 14 689 850 426 295 991 335 41 746 280 381 641 779 120 142 
229 794 199 339 960 491 728 508 304 511 986 325 651 59 188 690 761 696 710 732 
386 291 893 668 482 925 344 359 401 334 705 194 432 238 590 824 353 4 185 170 
230 962 980 134 669 600 769 812 195 200 897 436 62 354 891 364 479 169 327 793 
912 510 348 83 474 484 543 967 827 427 149 679 365 153 882 532 362 85 843 487 
263 286 321 100 935 148 951 800 954 517 678 228 197 891 487 842 452 972 73 680 
981 226 259 380 942 579 468 846 26 284 137 28 992 930 711 801 956 401 82 983 
450 385 733 384 361 125 139 991 388 750 853 444 655 392 125 336 120 650 634 117 
803 260 117 466 635 628 147 494 694 674 260 338 744 709 948 852 282 461 448 377 
236 154 371 451 841 820 89 939 523 757 628 25 847 677 981 394 378 20 293 73 
955 357 732 153 771 105 131 865 690 209 901 105 412 968 235 228 4 168 768 303 
168 276 817 889 389 30 898 195 564 499 469 770 933 979 716 203 395 637 209 62 
89 586 188 534 955 889 476 16 223 763 746 98 997 263 691 902 974 649 844 742 
233 135 346 762 292 829 930 753 176 889 999 260 525 33 963 49 369 131 408 926 
819 925 878 252 421 222 624 967 689 229 458 699 586 217 486 97 78 329 63 394 
835 357 901 379 128 428 155 361 86 591 533 711 495 646 454 486 237 178 577 557 
166 762 422 217 518 786 31 998 813 969 75 207 19 985 435 514 570 949 196 135 
467 150 708 763 427 446 568 8 711 65 629 623 117 72 382 545 621 792 246 562 
401 835 894 831 73 238 777 401 65 66 717 827 799 366 605 417 407 445 285 585 
498 36 518 454 799 119 27 650 880 173 51 292 752 617 719 395 267 722 686 186 
143 925 392 452 298 17 88 345 772 131 405 242 718 460 562 513 11 392 477 757 
974 80 717 101 92 530 720 50 35 566 275 882 644 661 859 514 109 630 836 932 
865 521 464 794 884 687 434 673 866 513 124 417 279 344 333 772 956 693 799 509 
505 811 80 452 950 81 727 311 71 644 650 898 415 765 502 778 507 983 462 678 
18 403 95 671 332 783 412 34 193 524 133 204 731 247 453 190 527 523 412 624 
648 717 986 906 620 80 62 825 419 130 558 679 205 583 255 351 596 428 584 951 
426 38 866 894 467 348 634 104 614 922 994 568 72 256 116 261 298 515 889 56 
757 58 290 237 707 403 741 776 231 759 297 298 591 83 645 828 89 801 214 307 
764 814 592 973 200 349 968 907 809 716 535 847 976 982 41 551 346 585 886 595 
557 240 425 724 473 571 88 45 971 277 675 87 72 799 832 999 815 532 821 426 
519 165 216 133 300 493 620 462 28 143 301 943 823 15 422 980 862 318 849 74 
883 898 615 603 714 845 536 527 630 557 309 813 182 172 724 338 809 241 419 985 
897 927 329 981 508 212 634 299 96 132 785 771 520 231 219 191 410 449 33 997 
588 696 486 234 22 115 514 680 48 481 182 777 247 920 49 892 949 639 987 16 
127 494 256 479 275 292 559 61 193 777 923 104 721 829 689 194 877 273 315 164 
25 525 541 598 848 633 278 885 944 856 66 876 914 642 357 566 699 617 826 362 
102 990 773 336 597 893 678 908 597 918 895 289 602 829 15 687 83 948 336 727 
992 872 38 726 729 721 458 425 40 654 101 817 561 920 889 671 873 966 100 697 
645 994 686 573 645 601 942 85 577 576 279 139 746 373 961 895 388 172 893 8 
474 67 281 624 235 160 77 643 436 649 653 56 726 973 160 864 873 961 80 79 
569 829 667 937 24 800 9 815 788 33 967 218 338 504 148 855 867 436 882 44 
102 687 455 122 391 695 756 963 774 549 6 294 307 547 795 656 873 274 711 789 
368 410 24 56 431 293 142 455 513 310 352 923 312 574 979 670 968 64 188 998 
693 686 951 761 887 242 697 393 965 897 715 834 880 541 144 9 714 747 521 776 
6 405 270 655 273 792 49 117 865 584 134 584 437 906 501 921 182 186 907 731 
205 991 789 301 853 196 606 590 305 856 428 113 25 944 158 337 49 963 376 823 
267 591 11 361 743 194 590 853 607 787 929 47 120 554 588 487 894 742 964 335 
558 134 126 99 258 985 270 625 937 233 26 483 437 21 506 531 505 519 811 46 
427 750 773 276 702 572 586 560 923 682 272 803 681 3 232 541 242 415 135 662 
856 425 181 738 952 106 277 780 85 295 572 628 912 913 718 307 639 476 677 95 
636 282 555 578 648 105 250 424 520 722 481 617 958 347 914 867 394 215 714 820 
235 388 937 134 416 645 243 588 12 682 342 308 810 941 341 38 293 294 267 67 
484 458 308 985 555 486 881 791 197 10 250 156 401 412 90 741 835 451 333 358 
828 518 949 592 764 659 893 44 911 412 565 735 70 543 120 751 120 84 858 837 
105 525 981 315 729 897 798 32 143 129 244 114 328 600 681 211 363 196 749 255 
727 978 934 332 991 193 620 387 357 292 276 206 100 854 579 851 522 354 718 232 
326 849 664 607 143 920 684 68 318 984 875 116 892 727 359 169 38 760 785 692 
824 246 153 274 320 159 380 801 13 511 626 436 984 610 88 614 297 758 612 244 
581 983 280 566 718 613 176 663 316 356 95 954 83 67 623 824 604 271 527 767 
361 312 650 221 187 707 446 238 582 538 314 458 720 522 940 99 214 803 73 941 
471 765 230 22 317 553 943 744 177 245 366 605 190 381 574 195 161 342 472 536 
647 436 990 303 312 759 870 931 83 913 858 236 697 67 141 232 942 489 256 100 
270 43 743 731 516 326 997 981 601 474 335 891 603 76 191 83 12 919 752 376 
421 543 226 955 266 407 518 711 999 571 524 129 195 224 10 511 284 739 409 772 
820 967 475 177 491 67 823 901 252 827 72 695 556 741 226 611 225 295 783 844 
759 784 361 178 809 108 257 412 901 356 416 935 137 981 67 55 741 927 444 877 
81 905 519 482 673 3 258 428 934 77 633 575 886 254 273 997 510 687 307 384 
168 201 747 479 184 276 25 447 787 930 735 164 554 643 821 585 723 42 378 965 
833 927 964 566 509 863 578 514 781 249 951 635 348 442 249 587 441 444 531 65 
685 794 192 162 271 359 370 340 514 552 458 726 907 87 176 812 379 169 484 762 
875 146 558 703 97 768 124 548 629 141 970 876 417 457 199 607 913 743 901 178 
87 678 793 89 146 164 940 791 480 486 321 949 130 98 624 609 767 777 458 593 
83 927 230 409 201 533 564 409 703 546 48 483 105 245 496 835 161 365 129 776 
725 268 304 690 425 658 221 868 175 822 924 59 916 355 703 912 877 160 374 355 
177 119 249 432 697 827 567 159 101 660 887 526 185 261 464 473 184 208 388 853 
760 168 850 226 14 879 284 960 747 153 142 403 184 344 913 529 685 218 662 890 
128 688 326 898 92 120 258 964 912 965 903 127 426 597 916 477 883 788 839 849 
509 8 500 153 347 540 415 229 55 120 717 503 785 385 598 931 143 485 726 697 
656 746 276 576 238 39 154 373 35 667 966 436 90 973 128 614 370 251 941 549 
718 991 859 876 89 519 519 994 729 444 27 848 240 661 292 344 955 709 715 113 
292 466 538 601 811 744 665 666 269 461 337 760 747 734 570 297 671 458 712 478 
866 533 675 306 337 728 703 600 33 199 408 306 792 971 394 479 687 233 569 596 
69 146 261 927 445 468 912 160 171 634 770 32 34 272 604 294 394 722 996 768 
552 156 857 199 751 796 648 463 894 568 414 869 409 954 567 369 508 531 374 566 
77 847 789 96 642 397 799 445 939 322 165 599 57 606 342 449 391 391 842 272 
304 557 897 52 938 294 615 199 561 706 492 494 422 961 833 597 257 92 668 799 
277 738 936 798 787 556 727 584 18 35 330 115 486 992 834 658 382 708 503 785 
155 225 457 21 245 673 238 792 679 989 435 571 791 313 310 628 911 534 763 539 
479 608 662 224 399 649 161 303 15 805 598 518 306 72 118 710 970 45 539 888 
565 473 980 314 641 687 487 146 220 676 324 195 703 822 662 86 699 217 933 778 
653 26 235 583 422 143 604 455 494 206 81 190 570 70 534 291 67 868 171 896 
506 174 632 767 625 221 124 285 739 366 328 284 958 177 487 187 376 87 465 96 
96 581 872 721 975 830 218 103 854 160 569 445 185 365 800 648 797 181 111 822 
262 754 104 892 604 132 162 259 663 766 605 810 296 265 728 66 522 247 968 62 
865 3 394 689 906 335 523 869 11 678 118 561 244 715 678 82 575 825 108 822 
779 189 586 717 463 113 433 65 117 35 376 583 205 133 790 477 708 621 155 871 
676 752 450 853 54 803 817 976 933 794 604 389 77 652 247 112 740 351 738 813 
360 816 922 258 361 654 477 217 559 976 630 501 439 811 379 307 755 784 411 868 
520 710 971 727 676 132 387 860 583 802 437 966 9 504 901 553 61 198 607 572 
892 830 541 480 565 327 912 859 803 876 698 926 487 4 730 933 784 51 623 304 
761 585 520 205 522 154 499 105 649 70 604 767 298 369 296 936 92 837 563 396 
655 46 575 727 835 478 439 823 610 819 691 125 353 190 484 162 50 805 786 428 
942 100 91 514 761 223 959 172 607 779 810 366 622 406 522 255 35 299 858 4 
985 290 446 946 983 704 328 101 370 251 419 442 907 953 501 316 34 474 714 597 
771 586 406 10 248 356 371 365 175 395 253 109 973 538 634 496 819 743 790 236 
489 427 941 475 984 894 466 165 188 416 328 26 794 363 71 824 237 439 378 321 
655 366 390 793 799 82 349 215 342 59 108 42 575 253 18 494 462 553 354 382 
831 563 690 220 427 509 29 559 222 954 846 565 116 572 775 505 78 426 40 110 
111 236 491 853 492 401 896 875 172 92 805 775 428 410 112 274 734 255 8 760 
762 642 272 406 813 278 878 181 658 522 43 902 695 154 883 421 497 687 248 867 
258 38 426 175 138 365 954 229 91 435 703 994 114 696 200 567 779 274 979 548 
548 769 814 182 509 830 268 364 309 448 330 662 409 518 330 207 585 588 232 229 
419 712 83 854 693 292 830 638 125 721 24 358 682 553 393 951 745 342 62 247 
577 930 750 787 624 958 597 750 17 919 313 129 950 582 316 188 611 54 482 155 
739 379 763 388 695 705 243 848 907 603 488 201 339 134 236 251 447 149 347 477 
915 182 455 122 458 372 610 403 372 823 59 527 821 537 382 670 608 274 877 922 
812 358 203 143 637 741 939 861 502 715 900 548 918 649 728 575 569 12 373 627 
481 885 123 802 652 617 335 795 143 290 999 93 587 717 367 484 367 413 292 674 
422 344 79 450 827 808 397 265 378 261 516 317 65 513 816 435 519 877 583 844 
483 930 361 224 136 322 180 654 887 495 919 313 454 92 214 391 136 364 773 839 
366 943 224 417 180 428 939 59 790 403 589 688 204 890 139 51 444 715 274 877 
487 852 260 348 855 311 367 372 272 235 826 122 19 19 882 894 347 797 876 641 
914 581 483 224 579 315 324 184 806 738 320 402 151 491 411 984 959 490 339 953 
120 254 642 577 907 975 911 277 245 771 362 862 345 466 735 604 39 563 333 172 
526 294 424 965 21 403 819 71 113 643 666 645 426 542 894 309 142 668 402 582 
482 952 558 273 622 106 482 771 712 675 630 210 756 423 496 397 403 566 517 865 
42 691 155 289 933 129 910 62 379 786 786 848 594 155 209 299 590 684 900 693 
655 676 103 359 193 229 417 715 65 403 961 261 484 82 815 981 9 33 602 987 
354 82 158 139 814 412 177 76 875 218 133 828 851 573 992 862 844 647 266 30 
701 18 191 796 950 633 927 840 255 180 538 181 579 210 119 80 534 434 910 75 
948 323 829 725 212 53 888 597 262 215 701 943 169 267 367 181 800 222 505 778 
661 20 101 539 647 820 309 15 840 455 50 945 522 911 371 123 347 254 273 84 
774 532 808 845 20 454 768 1 707 331 301 428 918 448 332 206 693 462 800 847 
750 82 283 741 692 494 648 851 23 63 977 253 92 799 412 617 967 99 564 16 
118 271 573 518 639 40 391 893 397 754 935 505 671 748 955 392 562 721 748 0 
168 280 953 901 400 46 377 699 416 170 737 89 561 185 311 495 602 124 22 793 
519 375 564 636 244 723 992 233 780 230 567 376 711 225 41 543 731 138 767 786 
473 851 696 29 572 819 245 600 46 940 857 666 596 141 501 753 35 336 747 777 
307 334 433 651 434 898 896 24 660 307 150 367 866 774 665 283 536 748 605 96 
604 248 415 215 244 163 299 320 238 59 619 639 950 641 713 451 820 979 368 371 
76 314 597 417 322 324 291 172 381 612 592 504 139 488 34 785 621 387 782 824 
45 884 434 380 525 824 745 957 578 900 351 246 409 285 149 241 193 795 40 191 
345 419 445 903 907 780 704 359 433 892 509 849 502 716 598 664 161 457 599 844 
278 309 630 953 405 718 886 94 527 468 262 709 214 241 70 862 324 532 538 98 
695 518 778 397 427 209 640 330 297 646 84 109 951 534 645 741 352 635 320 329 
837 608 430 269 315 982 713 741 271 528 999 265 504 9 83 97 492 165 976 91 
685 861 47 707 93 655 883 426 616 430 235 18 258 389 136 56 825 914 519 923 
323 73 905 69 962 173 497 768 63 438 606 370 854 104 770 452 57 897 258 303 
343 557 150 792 390 973 555 894 158 605 208 49 680 149 958 821 255 883 524 551 
206 262 185 160 179 814 571 344 426 2 32 773 988 842 859 771 762 503 57 246 
580 991 396 550 7 725 983 778 647 609 172 849 913 388 955 628 44 655 739 712 
944 932 822 643 320 940 352 869 60 34 288 521 667 73 42 883 663 986 924 300 
641 192 952 316 102 248 810 887 450 194 298 140 820 789 132 594 650 803 126 787 
671 376 553 462 2 449 540 759 400 258 77 690 357 1 114 936 623 489 695 153 
867 833 776 235 117 967 817 785 370 751 181 720 672 552 812 758 785 552 784 683 
435 927 858 357 459 770 640 646 483 209 514 513 386 267 437 630 667 536 87 409 
649 936 252 650 769 498 305 736 992 879 639 183 375 288 802 884 620 69 251 942 
155 255 450 536 404 96 816 748 159 250 572 906 965 110 44 353 665 902 463 597 
376 292 777 274 292 85 334 264 127 832 706 111 502 387 345 357 331 680 882 734 
512 380 721 819 881 321 70 326 457 900 72 717 767 489 301 533 419 277 694 592 
276 757 431 930 620 117 693 289 886 516 411 59 806 110 102 333 962 753 504 393 
400 612 498 111 848 997 589 327 683 346 778 141 212 443 888 966 461 638 271 819 
637 162 611 452 514 608 171 575 858 886 330 633 982 302 998 203 0 408 983 977 
940 147 370 359 85 553 815 812 746 356 815 308 929 11 730 433 874 490 736 242 
296 801 966 382 315 291 715 291 529 913 332 898 438 288 301 565 898 585 610 84 
50 432 341 524 649 591 983 473 217 124 492 277 244 176 98 770 744 41 379 844 
442 74 988 995 890 593 829 184 424 866 713 653 413 170 56 106 998 191 92 677 
100 254 720 425 55 988 688 947 236 233 604 745 364 978 39 427 703 334 328 887 
985 324 838 184 804 627 985 870 486 465 743 564 245 680 356 678 320 350 894 89 
991 532 360 207 462 849 308 451 678 768 991 147 748 951 359 596 350 305 808 41 
939 439 896 519 67 114 920 827 711 668 612 861 370 816 501 929 448 207 357 507 
77 61 433 147 658 107 462 369 643 694 21 715 725 431 249 877 142 717 820 376 
213 720 780 254 660 879 467 941 346 708 16 594 558 902 624 176 969 216 297 705 
668 728 544 395 754 131 233 303 511 399 47 238 353 345 765 749 309 31 356 220 
957 537 318 273 241 892 346 233 484 302 753 130 872 25 113 226 20 754 15 948 
837 985 18 661 971 214 742 618 230 266 615 845 696 244 566 823 404 381 576 655 
312 686 221 892 863 952 887 528 290 652 500 757 16 820 733 837 684 369 320 388 
494 791 43 72 220 214 34 85 257 635 106 186 111 822 831 568 410 557 843 492 
645 776 864 930 105 158 544 596 722 145 379 612 101 262 329 799 31 432 32 386 
704 436 384 745 384 231 445 221 512 639 613 718 12 608 19 458 319 473 691 181 
560 478 535 401 747 87 513 95 179 944 73 847 807 482 442 893 875 266 200 941 
561 680 645 447 791 763 77 358 338 988 765 702 747 904 907 588 289 585 754 371 
256 863 405 380 328 683 199 829 945 877 432 837 645 607 811 327 766 921 957 133 
3 838 16 447 917 791 353 333 46 62 102 513 164 206 548 384 955 473 928 394 
961 850 981 583 245 332 566 413 730 362 244 384 81 145 274 346 477 571 695 747 
963 38 187 977 353 284 990 819 302 891 21 835 603 32 727 571 840 751 255 634 
554 663 98 895 36 476 724 196 612 44 30 38 447 479 530 932 119 472 722 135 
915 33 990 809 400 638 213 985 767 673 806 325 655 302 111 777 492 383 206 743 
888 75 957 903 602 338 3 882 228 748 241 337 497 675 467 844 119 718 24 800 
593 120 35 999 224 288 147 166 2 866 143 603 347 358 510 62 924 479 134 810 
602 223 780 924 217 505 971 411 144 615 480 16 46 637 646 272 69 229 805 455 
349 141 617 800 413 190 527 26 606 286 499 37 632 769 768 414 170 499 840 87 
99 41 405 354 14 144 694 935 238 334 654 828 406 104 290 229 980 700 818 796 
535 824 633 522 327 394 216 655 76 313 64 623 225 76 823 630 618 82 53 188 
396 641 302 724 812 403 179 730 562 846 157 164 759 603 585 938 702 170 27 448 
423 283 756 412 537 328 797 147 601 105 553 105 214 256 789 840 63 134 724 248 
447 190 593 480 255 121 363 293 853 769 912 153 788 498 611 717 596 5 360 466 
171 15 843 395 444 649 963 431 655 610 180 903 233 354 677 51 694 856 791 770 
188 927 320 921 514 724 983 979 809 915 280 474 697 898 154 717 383 126 104 778 
709 821 461 454 834 332 163 275 908 666 813 961 892 748 667 625 569 250 806 813 
824 466 597 12 242 524 912 597 869 286 531 417 40 513 293 70 474 643 305 505 
426 230 260 331 460 400 641 464 82 741 905 172 137 362 551 247 798 108 355 435 
825 865 533 139 928 108 597 790 383 711 400 420 703 835 550 752 236 884 129 127 
948 379 456 952 557 676 653 604 518 849 844 344 712 662 134 296 278 16 573 831 
411 255 408 725 355 59 753 503 573 30 293 325 383 30 291 688 667 542 153 531 
16 629 395 771 540 311 862 498 689 91 612 816 413 597 865 843 695 389 294 273 
134 808 795 563 372 308 290 789 363 466 801 731 303 79 840 342 396 43 980 374 
225 407 924 706 326 120 202 527 730 297 716 622 127 712 268 369 522 743 756 606 
