459 650 294 566 813 929 161 333 617 709 363 264 231 83 981 228 148 250 949 998 
263 859 941 449 160 929 492 761 282 534 332 576 732 103 276 663 258 9 182 904 
521 500 19 513 698 502 70 412 990 371 582 28 476 700 96 298 118 357 605 609 
123 100 496 607 369 527 779 597 224 52 961 953 431 807 143 386 761 904 447 35 
152 147 317 100 230 620 758 397 399 66 917 60 715 659 472 825 482 848 746 960 
969 483 955 535 908 214 173 985 604 694 312 530 299 8 48 20 294 275 221 209 
267 62 436 586 370 467 148 687 56 4 723 8 538 116 602 59 384 82 150 383 
898 978 777 681 967 700 969 565 995 177 535 855 320 131 466 394 657 244 628 305 
715 546 853 340 469 233 24 590 930 386 179 156 644 787 706 160 635 743 638 551 
382 71 426 807 873 600 447 662 168 335 768 911 259 35 112 454 90 42 323 237 
27 574 731 384 561 81 644 223 191 271 681 761 294 396 608 889 572 877 347 604 
54 315 337 320 127 341 541 116 520 909 53 307 330 247 109 346 162 749 349 781 
861 430 89 181 365 448 471 45 546 147 38 869 724 384 85 470 399 650 10 902 
136 132 980 919 832 708 915 596 751 606 566 331 810 675 149 369 944 292 393 874 
722 441 920 144 73 975 446 951 564 458 528 518 338 703 90 80 236 645 884 188 
119 164 952 489 849 7 519 318 249 846 733 25 508 32 762 87 326 679 370 940 
750 804 631 243 781 540 46 151 351 523 816 915 386 96 681 527 960 273 686 524 
912 497 762 339 650 574 394 856 962 16 955 501 492 40 992 324 681 493 32 380 
929 580 343 769 394 1 611 533 695 329 434 755 428 90 970 469 601 197 250 580 
182 667 47 281 198 294 577 746 743 337 376 367 289 907 696 549 4 943 45 250 
855 111 683 210 246 563 364 962 924 413 360 427 818 775 480 586 990 543 188 997 
231 9 926 600 999 133 406 24 411 379 38 8 576 100 417 131 910 619 96 713 
585 204 822 765 349 644 461 70 786 538 759 533 896 676 210 150 965 436 670 163 
757 460 792 789 401 87 452 492 683 355 302 505 192 708 562 466 655 275 254 742 
754 111 524 849 51 130 204 978 497 303 913 972 514 498 562 394 514 409 972 238 
853 793 102 475 530 533 110 905 266 59 34 498 399 870 546 875 727 627 636 164 
315 766 999 196 179 269 212 815 45 713 689 353 269 656 529 111 255 365 825 428 
339 620 427 585 633 736 488 809 285 584 146 140 780 170 552 314 968 710 894 323 
223 959 452 252 267 53 365 325 662 206 667 649 989 742 808 141 543 709 616 124 
341 344 126 226 659 938 565 776 656 684 440 615 691 651 171 161 974 330 611 844 
992 135 891 384 886 602 234 884 89 795 257 724 766 715 417 325 361 735 860 836 
811 984 130 740 495 606 360 966 543 990 180 518 356 473 891 259 958 839 975 191 
640 84 339 552 456 898 73 767 702 607 863 415 491 329 996 864 555 183 825 364 
382 929 734 313 739 387 354 561 926 558 288 790 204 743 854 522 868 20 831 926 
137 844 60 473 541 903 750 275 736 822 280 19 690 44 386 854 69 357 568 385 
230 717 109 993 965 717 394 48 714 673 180 835 763 814 773 706 836 282 321 615 
774 204 963 331 923 86 233 581 145 639 422 28 173 510 590 303 441 492 383 515 
425 610 287 413 83 195 456 545 502 971 83 643 44 160 484 203 98 39 282 590 
407 338 98 290 11 521 868 506 635 407 614 347 298 510 303 398 778 981 559 160 
227 169 398 774 331 994 514 276 951 48 60 792 472 797 685 243 794 564 757 808 
649 35 405 400 349 981 830 180 863 939 969 453 420 236 72 473 58 90 324 694 
777 184 241 524 596 977 799 390 592 849 59 770 460 802 445 337 617 328 683 737 
67 150 102 369 49 765 899 628 826 681 20 569 897 215 16 474 906 844 889 277 
501 744 788 72 755 211 23 256 934 246 126 467 222 773 206 515 105 971 349 478 
107 471 769 517 886 69 25 914 475 216 537 950 410 615 642 513 326 238 257 523 
389 895 406 818 567 744 129 77 837 998 344 385 780 546 643 658 345 371 588 772 
247 917 625 122 694 920 300 247 375 12 797 11 94 363 221 896 287 311 87 901 
52 223 91 291 365 4 706 79 665 904 777 327 37 385 631 849 291 883 889 544 
740 900 961 791 720 899 482 155 133 35 56 645 279 645 405 797 791 252 694 141 
263 149 576 981 373 534 869 850 622 350 291 333 437 350 599 745 892 214 782 709 
570 787 916 163 837 496 392 855 394 778 872 172 275 513 489 484 888 659 482 119 
905 867 529 590 123 587 926 647 329 645 231 484 165 448 843 583 607 864 835 305 
613 79 102 772 700 564 932 245 854 833 213 150 380 137 379 714 325 913 453 619 
240 527 854 297 199 280 149 235 957 606 734 803 601 498 617 973 491 334 305 488 
486 903 872 408 78 97 833 691 981 715 830 979 857 52 659 315 519 790 907 486 
510 201 305 196 845 156 177 614 623 248 225 324 105 565 866 861 752 305 563 159 
200 614 0 247 435 412 103 132 687 791 91 903 219 58 444 613 546 251 679 736 
169 193 754 523 438 524 203 981 482 788 993 575 968 852 275 521 254 424 856 386 
132 181 975 95 523 280 567 142 8 761 313 419 384 985 173 667 390 99 187 207 
603 727 460 819 677 444 263 560 387 367 807 606 160 167 197 870 119 667 3 151 
174 510 177 407 85 833 211 461 968 618 258 252 707 4 818 819 359 183 708 395 
162 681 61 208 555 965 695 540 30 411 294 432 932 560 357 20 880 408 578 265 
125 721 152 28 180 658 68 926 452 243 882 99 162 503 168 960 900 871 771 920 
233 169 969 128 276 361 79 241 400 542 668 22 685 129 205 719 427 425 498 846 
39 507 961 640 532 360 130 749 492 262 563 795 567 988 5 736 371 832 934 631 
997 532 392 798 879 569 354 245 347 202 773 401 374 4 882 329 672 780 930 817 
499 290 270 990 290 148 592 408 796 742 42 183 353 65 805 775 812 849 597 798 
929 348 75 0 818 776 483 376 237 148 536 290 264 649 460 990 287 322 604 112 
461 938 123 390 401 757 949 258 531 626 767 233 120 383 38 243 138 638 901 563 
211 78 59 417 3 117 997 862 632 341 431 240 758 276 264 487 104 689 79 439 
957 27 65 983 190 988 509 241 46 254 873 107 531 349 133 798 573 781 113 101 
493 269 379 231 184 693 851 977 676 99 435 94 649 28 985 680 131 74 15 836 
592 601 965 496 693 894 69 152 774 738 640 474 989 331 967 951 875 667 868 331 
893 158 169 118 576 686 393 692 728 409 70 378 766 662 579 954 984 115 163 321 
741 931 938 254 801 910 699 614 142 993 897 526 788 191 185 297 114 64 983 659 
93 762 169 180 200 269 714 441 949 571 391 495 555 848 271 145 169 86 526 557 
937 236 355 506 649 760 67 533 46 538 517 956 521 291 488 370 631 799 433 420 
619 519 714 291 935 521 431 427 284 635 618 700 86 582 722 487 555 816 151 547 
492 333 354 160 405 87 651 963 274 403 402 92 355 605 306 605 10 63 578 44 
666 958 358 386 122 222 310 421 610 239 918 250 54 680 454 887 624 699 34 793 
683 313 884 393 773 711 24 756 12 361 705 979 324 222 42 776 152 892 336 227 
176 606 134 372 201 123 73 489 83 305 693 650 47 841 439 763 744 341 476 186 
116 615 866 954 826 916 254 919 222 177 6 98 402 652 480 759 744 519 602 286 
710 312 900 607 272 308 763 146 164 997 951 917 138 338 255 423 459 63 491 749 
788 436 434 962 235 578 853 149 737 802 499 101 456 520 911 392 598 345 616 917 
259 41 719 630 536 353 358 579 608 311 695 786 947 341 26 715 337 974 131 628 
572 150 284 32 833 962 662 853 209 433 54 29 434 297 734 589 403 28 497 117 
608 236 99 440 899 109 328 293 932 362 876 172 818 123 75 605 74 525 306 957 
391 291 37 98 964 283 930 946 14 276 590 703 356 111 543 470 323 35 642 63 
501 493 398 111 147 520 361 389 203 562 977 26 611 255 53 316 302 681 461 205 
742 320 159 39 772 367 156 755 468 191 410 435 84 512 155 356 942 989 926 687 
267 655 493 730 507 669 726 771 771 331 158 989 678 696 19 262 31 132 744 296 
293 730 671 783 208 954 890 10 692 954 154 541 875 710 420 166 288 958 745 127 
641 535 605 43 476 253 122 548 870 231 565 981 95 579 761 988 426 123 27 226 
292 152 262 957 819 167 240 478 641 89 860 479 976 527 833 767 272 613 948 809 
744 647 625 281 649 514 384 433 313 180 902 812 47 630 64 217 522 88 415 233 
126 342 193 964 401 698 788 841 307 251 881 157 437 524 614 790 300 551 308 936 
238 748 907 927 900 748 674 335 592 699 627 585 409 542 926 686 28 369 469 136 
461 644 833 511 455 703 435 754 336 91 133 655 593 611 810 853 436 875 106 831 
966 223 771 572 864 824 845 485 224 323 252 110 789 354 84 224 860 487 440 6 
684 773 827 879 25 17 131 988 182 762 906 195 836 509 191 819 507 404 332 704 
686 968 265 105 988 252 978 920 508 804 965 962 145 318 654 240 206 839 606 853 
236 401 217 649 649 100 678 606 459 739 69 657 829 944 317 818 626 986 227 727 
208 46 561 998 230 988 246 34 833 180 419 320 171 865 782 459 414 468 10 564 
15 668 335 462 630 52 734 65 213 285 839 741 864 766 230 770 20 129 68 365 
626 305 202 149 901 537 179 87 394 14 946 447 881 271 778 904 321 19 989 14 
136 420 423 793 99 979 651 589 306 861 646 768 864 172 571 684 282 809 279 734 
342 64 623 589 398 708 110 39 925 501 74 488 185 976 953 989 865 94 793 888 
753 382 109 52 780 367 591 692 41 689 626 639 106 644 231 751 552 684 339 194 
955 315 126 896 25 79 703 399 836 446 230 219 433 670 418 761 701 706 540 758 
315 962 756 476 485 938 643 277 735 750 377 131 482 508 799 999 495 171 543 368 
241 603 363 950 289 781 131 711 676 699 916 354 648 955 109 955 607 825 643 863 
747 699 200 416 66 520 431 747 844 3 179 671 571 989 200 641 441 313 642 918 
545 716 661 72 687 77 189 757 857 345 535 628 258 938 80 50 829 488 340 372 
423 872 145 662 336 29 38 667 651 180 638 901 939 125 937 88 24 47 796 66 
107 234 304 510 351 115 425 73 145 939 528 764 297 617 347 355 840 770 83 293 
84 70 710 918 979 452 119 1 661 825 403 802 556 389 684 563 280 494 707 493 
414 633 746 697 865 158 984 807 108 956 528 135 551 517 980 495 344 387 798 997 
699 755 472 620 893 169 325 732 406 348 231 821 61 723 657 764 704 960 856 42 
28 28 782 465 498 835 935 129 203 313 248 610 421 190 372 682 597 94 857 313 
264 796 899 539 765 824 679 213 798 262 595 356 671 121 932 371 781 647 895 819 
283 543 492 264 744 793 536 882 173 613 362 489 798 966 448 629 536 944 907 180 
770 920 433 245 670 227 817 828 897 122 12 535 801 316 234 273 231 540 458 621 
613 333 903 30 58 835 447 348 331 788 421 849 116 798 434 476 216 339 959 702 
750 275 502 515 764 800 930 764 384 720 772 499 236 326 223 358 802 154 295 151 
672 754 749 59 278 73 726 322 454 375 861 439 651 362 717 969 205 91 180 520 
43 164 636 923 83 592 52 482 126 987 223 768 871 404 403 539 333 232 805 487 
87 114 707 376 552 719 537 607 180 214 336 446 993 16 580 735 521 292 101 298 
303 711 833 893 728 226 807 601 468 76 999 251 612 865 665 201 279 531 979 413 
768 656 502 30 122 197 731 813 407 281 226 53 780 477 20 728 834 403 906 445 
577 179 164 558 781 30 119 489 829 989 121 37 306 530 391 648 261 705 281 6 
620 808 35 117 343 53 279 975 37 511 322 623 892 199 597 159 833 240 901 169 
613 829 108 701 689 179 769 563 883 623 486 130 65 352 120 744 485 447 708 306 
746 358 360 806 358 104 584 239 105 56 59 290 909 636 221 831 534 571 85 857 
331 268 738 809 437 553 985 775 576 516 234 899 857 913 613 788 487 637 551 23 
652 428 89 18 405 1 34 585 16 138 468 264 126 346 493 330 689 979 887 706 
88 123 81 432 289 71 47 479 38 854 984 468 555 775 471 873 966 132 725 627 
104 9 796 641 660 32 271 558 797 359 992 617 740 517 377 555 523 120 920 912 
340 659 973 737 453 438 133 265 792 710 532 895 485 703 399 196 732 119 728 254 
760 884 989 707 53 649 11 186 526 349 398 239 664 428 436 29 707 923 452 721 
794 798 833 988 177 204 51 489 86 405 280 752 139 139 246 66 259 855 541 446 
291 669 867 195 387 922 127 511 773 197 786 352 989 236 299 849 913 888 514 967 
35 308 15 588 445 938 580 132 461 479 288 494 601 688 694 173 828 677 397 856 
290 852 713 927 336 873 202 87 759 596 227 967 603 252 549 804 519 491 557 698 
171 714 940 460 497 711 926 686 180 3 894 472 762 713 487 566 132 708 645 814 
267 328 382 641 917 972 99 942 456 934 659 980 775 759 18 206 811 968 597 60 
811 62 402 503 414 763 350 508 384 445 798 414 244 778 82 565 50 748 479 747 
377 329 349 241 830 662 408 333 398 86 954 815 192 789 769 597 726 914 756 579 
205 404 964 6 595 36 953 363 177 940 339 3 426 206 306 403 307 480 760 481 
602 150 925 521 740 201 675 905 505 7 75 793 883 450 743 680 408 189 762 850 
651 453 621 694 770 484 428 736 43 116 392 722 329 946 422 400 974 88 632 780 
48 808 962 447 577 990 567 26 98 414 797 660 232 501 175 612 602 780 58 401 
289 18 154 400 504 881 805 30 359 557 752 846 675 552 985 261 624 745 5 141 
873 653 27 311 783 847 376 444 905 869 988 910 699 411 493 594 546 828 186 873 
230 789 979 231 265 92 928 75 231 977 151 88 894 245 634 444 113 792 967 223 
384 759 762 894 569 598 688 657 197 353 822 978 332 746 89 31 418 750 791 545 
783 33 470 205 649 915 251 283 901 722 758 646 70 82 836 339 68 427 389 373 
153 186 487 48 280 467 459 77 527 773 22 750 535 30 491 562 649 625 262 475 
236 564 692 678 484 167 418 347 76 594 539 566 207 215 870 605 635 0 759 474 
544 570 53 355 920 170 108 433 663 262 964 718 845 791 473 794 705 37 396 447 
808 268 682 28 871 791 412 359 829 10 799 62 372 243 532 912 242 660 514 896 
715 106 403 666 633 186 941 433 302 877 642 447 425 0 962 822 216 426 231 303 
165 168 449 881 780 595 787 557 212 92 38 232 388 670 541 488 607 613 768 306 
635 798 244 579 190 583 587 213 571 328 201 853 660 458 647 779 719 583 363 82 
718 531 535 456 522 321 856 544 488 944 690 326 319 376 203 426 544 192 597 505 
287 866 104 777 433 713 463 804 470 329 786 630 986 656 996 626 982 195 742 777 
796 900 811 677 531 579 37 694 335 707 401 434 741 334 710 730 13 4 267 507 
569 648 33 698 181 155 479 228 656 53 341 21 66 208 532 47 934 304 948 437 
50 392 469 776 564 495 2 954 568 251 258 409 575 820 297 670 882 564 103 23 
455 582 711 690 635 213 387 91 217 910 350 600 49 56 874 810 717 498 179 807 
673 918 4 70 841 518 448 50 534 428 124 275 84 166 659 857 782 497 209 203 
627 149 877 479 638 514 985 482 880 961 123 538 312 14 137 250 206 573 880 694 
228 906 94 216 966 117 441 946 964 494 663 45 133 6 375 489 222 662 304 78 
756 123 697 747 342 859 889 980 70 49 896 809 994 399 165 349 854 444 529 733 
204 180 547 482 31 320 374 704 388 245 633 319 609 457 981 921 563 851 788 262 
323 170 783 261 200 386 321 380 755 546 843 881 7 841 423 186 336 163 153 474 
125 246 906 661 961 362 735 134 110 632 34 598 411 321 511 264 928 427 146 51 
702 520 519 408 213 775 754 492 392 535 672 112 532 497 589 831 585 630 239 344 
832 225 51 997 270 582 567 387 359 858 288 539 983 157 909 216 373 662 67 546 
265 829 106 978 647 607 512 295 52 517 685 632 912 662 935 667 397 727 583 86 
88 328 995 596 445 177 581 794 375 420 724 922 576 668 385 855 382 495 109 483 
720 208 481 430 479 520 847 624 776 158 711 168 112 28 347 869 657 692 783 285 
285 819 148 5 976 69 580 577 58 161 339 100 669 278 484 57 301 454 9 547 
182 274 15 331 842 231 257 816 514 279 284 419 572 634 131 611 599 743 515 934 
403 614 66 818 540 536 68 419 785 432 246 693 415 868 543 85 788 983 235 627 
401 209 994 810 351 722 297 595 909 330 231 231 784 708 218 580 765 180 522 842 
747 199 215 982 533 658 327 135 174 414 627 463 261 378 578 428 372 18 102 15 
91 630 446 732 442 846 19 300 495 108 351 703 876 578 938 374 149 62 543 1 
561 196 839 756 759 915 149 127 27 466 66 197 121 908 865 517 328 201 829 392 
211 144 505 802 804 937 969 333 370 656 656 90 453 775 881 137 119 339 266 115 
653 858 845 974 766 587 408 553 963 799 840 241 880 38 458 523 266 957 227 754 
90 943 40 396 225 217 360 512 356 634 8 722 690 995 623 610 51 251 676 626 
579 439 540 271 495 472 57 138 175 93 231 575 229 891 57 333 662 593 947 287 
438 945 833 627 753 524 720 177 791 717 19 478 279 233 786 338 839 53 437 502 
315 881 335 234 964 628 513 366 955 56 916 71 199 343 484 165 562 869 985 715 
523 424 471 902 575 606 32 337 953 86 648 128 413 170 186 604 495 675 666 151 
937 533 138 280 420 828 848 489 783 535 168 231 878 276 46 810 621 757 31 901 
437 34 721 880 301 351 800 365 581 319 522 159 311 264 13 994 448 97 567 175 
486 801 86 774 209 106 442 769 974 734 136 631 610 57 368 742 988 128 25 396 
471 168 771 752 494 337 613 332 113 4 728 614 79 28 84 592 428 673 338 165 
69 362 65 628 353 708 821 282 354 981 77 83 204 366 548 872 238 81 770 152 
343 104 403 88 683 350 176 205 934 129 629 804 511 544 836 503 801 769 224 491 
454 471 932 544 309 146 508 888 470 671 684 44 251 874 576 763 521 753 908 333 
687 627 893 79 319 424 296 831 115 419 705 714 217 237 470 172 873 740 685 752 
527 828 155 105 45 724 751 392 762 228 191 503 136 174 457 734 379 299 428 459 
246 295 304 111 746 392 867 327 777 2 166 768 616 815 279 399 652 453 345 847 
910 848 1 676 521 10 97 168 219 704 514 204 403 431 117 34 786 198 436 104 
853 790 647 128 354 976 289 261 560 861 988 656 180 228 145 84 106 303 269 367 
312 719 897 386 585 554 849 883 953 929 247 337 28 47 880 143 764 663 943 997 
515 141 65 163 661 64 569 927 177 614 181 969 234 273 825 829 513 320 490 249 
806 633 509 128 719 486 529 246 279 845 907 413 282 644 640 599 80 829 976 445 
49 198 721 663 736 836 306 557 771 82 713 6 778 972 799 550 365 673 706 221 
203 497 603 286 424 187 994 85 806 305 974 77 288 8 761 329 443 427 252 633 
126 351 639 216 940 620 683 947 199 410 508 972 479 675 361 200 987 744 85 93 
151 591 699 769 255 690 622 199 154 603 871 323 675 567 602 528 4 329 403 863 
940 657 13 523 995 212 803 403 811 989 163 679 530 324 423 199 101 750 606 552 
310 238 971 929 537 867 692 709 396 161 726 113 101 301 982 17 512 19 155 182 
529 753 851 555 767 458 483 552 698 692 930 398 991 283 424 956 553 314 908 649 
874 422 555 251 754 158 856 487 662 320 472 794 29 565 292 320 95 488 277 979 
248 179 563 23 916 234 470 179 890 132 233 586 606 568 860 563 690 508 361 13 
789 115 409 999 222 880 544 624 386 990 342 674 669 803 919 372 749 364 414 344 
973 474 333 417 169 293 672 74 493 488 371 635 339 485 920 61 277 314 182 537 
919 317 510 795 209 316 632 973 724 24 158 697 18 723 391 854 547 607 623 80 
772 465 276 441 403 54 92 212 153 180 694 484 615 900 214 704 605 166 549 545 
318 111 672 223 960 119 503 265 595 597 713 76 927 503 846 406 475 988 309 188 
371 485 552 240 802 715 716 567 616 266 197 322 582 599 290 410 64 134 981 370 
345 360 238 832 845 58 904 628 227 537 323 228 635 397 444 471 679 515 114 752 
563 152 858 494 737 474 414 714 849 401 121 8 471 606 326 618 975 283 417 89 
973 724 950 773 512 244 738 959 390 899 871 133 486 54 491 70 418 567 42 398 
92 247 667 140 282 826 241 907 485 489 107 590 126 885 839 303 290 587 786 841 
184 11 978 84 984 902 40 946 895 255 472 856 360 393 811 846 501 281 775 443 
638 453 141 587 48 205 4 34 50 609 156 605 485 540 797 719 682 783 897 369 
848 689 903 590 14 21 497 790 486 85 89 705 418 110 367 655 739 107 758 149 
128 191 864 395 356 485 55 116 691 250 902 709 830 869 295 769 133 246 814 60 
237 125 173 911 602 324 617 724 839 96 781 570 651 443 142 939 502 390 240 396 
452 246 879 452 569 572 512 833 126 337 368 559 699 369 852 547 222 887 475 72 
627 986 818 255 540 567 439 620 802 111 512 878 357 643 868 975 664 653 713 190 
889 264 216 849 152 562 15 534 637 520 670 636 559 907 211 365 434 531 649 639 
241 817 559 620 661 9 357 238 660 976 660 287 109 922 95 840 819 295 452 832 
392 406 448 704 732 531 370 564 302 157 654 852 978 219 901 484 804 377 514 89 
204 21 945 773 499 367 491 29 797 400 949 905 895 354 434 147 114 304 838 20 
832 271 12 467 582 110 194 999 324 634 28 727 353 509 990 800 258 120 342 336 
589 326 961 648 504 402 76 263 848 292 918 868 39 553 269 812 493 521 622 733 
474 900 265 474 571 775 820 256 915 860 263 32 108 528 239 999 142 216 199 162 
719 566 820 981 660 913 416 566 326 868 505 454 305 456 811 304 961 163 755 301 
485 195 621 974 905 310 833 396 519 460 609 613 150 511 815 40 758 193 660 66 
338 807 228 737 654 509 928 242 35 98 20 526 777 429 2 907 173 752 230 712 
68 652 100 736 742 822 239 386 886 624 427 0 656 611 469 360 852 731 402 736 
715 547 365 101 87 259 901 461 512 247 142 626 548 546 374 2 198 507 796 638 
387 903 588 872 353 559 581 65 553 187 695 817 22 791 911 88 806 844 566 852 
929 498 185 20 440 54 657 773 935 351 253 683 94 885 999 378 604 243 445 637 
365 100 953 407 927 420 75 896 511 273 693 186 305 986 39 44 783 782 84 527 
937 984 981 840 166 890 964 798 762 568 772 828 225 694 839 544 35 572 175 829 
105 793 426 917 695 38 984 52 410 732 543 329 899 817 177 470 484 630 467 763 
819 749 873 125 557 818 697 85 829 159 293 998 517 348 661 391 28 990 132 666 
104 599 834 899 390 567 106 669 720 746 12 562 406 546 662 58 344 15 86 846 
963 939 412 252 162 578 206 302 407 794 891 15 746 312 508 77 385 732 168 733 
105 341 783 299 100 32 882 817 827 989 16 922 733 986 276 872 785 748 853 467 
577 875 574 194 704 886 335 519 269 423 291 766 592 680 645 502 44 822 572 635 
501 676 478 67 844 611 300 712 849 121 378 53 921 40 787 805 369 337 994 536 
529 760 772 71 692 186 748 514 95 844 678 248 423 637 144 151 640 279 430 828 
380 818 702 886 696 873 971 182 925 73 918 329 598 176 505 457 174 747 621 337 
748 570 903 360 369 895 439 167 336 157 209 14 887 957 31 372 638 735 167 398 
814 967 753 146 780 414 684 700 61 179 313 321 372 553 855 410 210 635 465 691 
93 29 13 797 444 284 487 40 282 65 477 797 266 282 60 195 322 762 867 616 
706 923 318 171 742 888 438 111 2 967 543 955 942 455 818 744 147 775 404 538 
645 615 143 923 233 747 687 964 40 589 448 989 180 186 582 479 811 448 388 376 
434 469 209 774 324 844 665 856 811 28 872 402 78 450 700 591 764 480 859 364 
231 38 881 570 349 32 495 956 403 951 810 154 610 341 216 390 319 611 960 173 
581 877 121 519 646 641 747 586 162 299 318 892 295 565 224 385 98 989 971 900 
981 896 638 368 729 781 762 321 646 253 176 934 625 778 905 131 980 108 22 733 
452 484 257 164 272 707 900 192 341 282 65 29 186 88 105 905 480 79 265 280 
969 40 849 421 598 417 887 364 193 84 92 286 986 705 549 220 144 6 93 488 
782 759 817 880 529 649 812 692 343 59 355 331 58 94 420 880 180 876 251 699 
733 808 821 541 371 796 585 612 2 857 891 40 612 730 250 109 699 10 189 858 
53 631 114 353 86 543 87 528 380 698 325 736 991 600 673 764 240 589 436 619 
108 425 214 50 816 205 70 796 255 611 502 571 138 941 605 420 872 361 420 853 
926 588 189 730 232 860 248 185 16 2 88 803 598 192 510 756 402 351 964 300 
166 509 613 431 151 293 339 418 637 302 585 79 569 409 139 987 359 997 906 846 
612 493 580 146 17 717 363 903 633 33 300 175 808 535 452 78 900 917 278 892 
784 198 584 934 622 257 919 465 453 266 375 985 731 837 96 217 85 569 957 667 
101 737 199 323 196 65 545 887 216 743 365 434 815 887 712 113 652 84 721 13 
1 932 751 810 334 811 804 704 393 162 4 264 351 954 459 465 986 555 486 203 
956 626 992 595 410 59 400 817 716 611 721 295 828 873 659 339 709 118 320 950 
174 690 353 878 719 561 97 744 243 238 2 874 535 583 999 977 890 713 914 750 
966 413 775 399 470 211 89 251 863 854 244 117 836 657 914 732 868 136 113 890 
439 658 349 252 90 324 978 66 447 858 45 816 505 530 492 460 566 146 402 801 
829 579 856 483 426 645 200 483 183 182 188 285 686 205 151 657 316 724 433 239 
984 581 257 727 997 163 158 807 468 956 719 678 430 246 420 521 96 248 788 291 
304 363 984 131 966 513 864 680 167 116 852 456 974 50 774 394 131 743 47 584 
97 467 294 74 283 806 648 447 479 138 852 356 966 40 847 50 978 61 776 651 
616 230 708 797 368 441 724 466 619 790 109 823 317 511 217 684 723 68 236 972 
543 297 402 542 89 500 103 482 752 106 775 96 433 25 383 997 223 11 995 96 
428 593 50 908 631 534 407 942 183 534 793 554 431 255 45 288 458 959 66 757 
728 750 45 584 874 317 14 610 467 95 611 169 319 831 484 879 952 762 615 14 
279 174 213 375 160 852 452 468 577 562 958 554 292 339 906 187 754 155 186 842 
739 270 197 616 540 344 781 823 832 731 427 341 722 348 770 436 921 470 897 456 
205 148 757 976 929 833 743 408 146 514 161 486 551 958 671 28 434 205 756 253 
462 751 26 795 480 878 22 321 315 575 715 133 431 717 118 176 538 198 2 792 
145 530 493 990 521 897 554 268 529 109 673 801 442 752 428 56 10 982 675 37 
45 870 378 882 830 197 913 194 652 252 269 852 872 268 341 153 742 599 199 241 
218 216 12 915 781 901 713 4 864 572 415 178 992 212 654 289 771 445 766 958 
754 587 654 370 471 255 920 361 649 654 556 515 77 846 5 235 359 215 329 790 
778 254 684 222 444 160 375 976 109 548 445 747 658 105 407 330 109 411 360 420 
79 200 411 466 9 16 28 680 463 252 556 767 582 798 65 770 328 426 277 536 
261 683 470 194 356 256 70 990 747 353 236 955 819 685 379 669 943 669 209 595 
558 119 738 327 599 667 662 6 213 194 624 297 667 25 577 587 17 568 325 109 
64 623 876 478 219 331 907 206 62 446 124 444 979 461 51 62 171 718 259 2 
306 497 281 91 254 910 950 798 145 343 611 646 69 696 288 388 111 444 277 659 
575 842 565 43 471 776 808 836 202 38 88 718 992 910 478 486 511 602 221 587 
955 967 39 834 25 969 232 671 432 639 368 349 714 889 772 560 650 335 847 16 
549 875 365 929 294 553 976 553 949 294 775 298 536 367 251 641 221 772 844 197 
758 77 124 564 270 707 738 50 307 954 377 404 164 869 522 836 109 395 672 333 
801 105 138 930 847 16 254 770 200 128 84 191 840 461 625 631 987 649 365 923 
642 530 671 606 486 893 671 455 509 411 756 139 162 83 128 836 793 697 584 199 
299 221 520 765 839 807 479 80 938 994 543 241 729 734 367 431 212 210 676 226 
973 889 558 248 313 973 471 488 150 506 449 334 878 164 240 615 250 443 662 941 
451 182 606 117 45 318 403 190 366 317 850 405 853 430 700 215 94 678 113 710 
869 83 586 392 552 532 549 92 50 10 214 519 878 582 876 854 481 347 850 469 
459 332 415 367 910 713 408 791 904 798 212 446 238 149 561 21 498 526 661 902 
551 691 775 550 593 257 351 342 562 892 307 282 259 73 652 913 312 658 737 231 
95 862 146 295 258 431 79 677 379 344 314 331 240 447 586 810 767 431 17 51 
459 641 280 454 95 284 450 891 98 570 807 832 117 789 738 675 801 506 140 247 
652 276 386 860 245 84 949 810 54 792 841 110 746 290 32 241 551 171 983 37 
485 992 641 322 367 731 563 888 146 492 577 893 28 146 47 249 871 724 769 800 
902 421 167 535 639 848 195 171 234 568 109 743 561 548 257 933 808 769 343 359 
982 55 820 277 244 864 607 449 758 727 15 994 784 862 163 158 532 402 537 44 
777 539 131 448 357 942 342 168 958 605 317 631 333 403 135 264 596 576 132 230 
257 67 253 417 196 49 604 699 686 585 818 323 67 770 104 786 777 887 112 500 
289 178 405 370 469 590 384 758 99 585 365 246 593 266 653 988 657 616 557 765 
775 804 470 49 321 183 998 203 830 174 152 906 834 349 975 822 465 682 265 862 
98 124 802 274 398 620 445 205 944 890 763 549 343 315 453 462 474 857 532 268 
4 908 876 328 417 376 915 892 871 55 768 954 656 888 618 210 175 271 463 530 
392 359 647 132 646 382 95 770 255 801 106 205 122 967 997 750 581 978 258 604 
344 931 23 376 166 429 439 533 836 373 370 165 594 208 385 943 507 886 789 989 
648 182 104 53 953 314 131 822 966 35 18 798 947 544 989 513 739 68 640 149 
238 157 662 276 630 780 137 305 462 946 525 566 196 632 358 742 601 450 423 534 
398 892 196 506 617 437 922 413 280 747 277 776 573 168 667 303 907 116 440 121 
920 530 896 223 700 943 916 86 649 193 383 776 562 516 241 807 1 235 446 700 
252 340 391 23 208 261 313 192 321 414 884 718 929 151 791 414 447 604 274 254 
17 902 357 242 869 107 279 670 84 337 17 429 840 183 700 618 152 300 360 853 
330 572 206 473 712 864 697 100 822 262 912 766 802 17 751 597 749 258 959 719 
793 455 691 930 788 3 677 409 588 229 632 936 107 182 127 186 366 37 469 440 
160 262 759 29 740 755 343 472 194 256 74 162 161 381 820 497 327 992 706 595 
573 841 321 127 391 458 582 241 394 351 29 404 126 106 957 37 206 875 971 309 
149 85 167 791 164 916 124 467 18 502 924 266 803 399 451 779 939 618 722 909 
709 29 127 390 103 996 99 972 985 985 77 210 422 122 997 589 881 939 155 839 
372 582 145 92 381 552 342 283 770 270 381 815 94 607 581 71 572 60 762 299 
268 469 396 320 540 206 774 357 569 410 298 191 998 903 939 634 587 186 219 305 
690 180 142 936 278 166 342 855 965 352 201 138 656 24 568 287 56 337 921 15 
659 298 767 529 223 905 784 108 574 40 64 939 763 350 269 902 93 97 658 654 
505 90 655 496 84 657 529 191 545 212 542 603 152 650 844 134 936 653 914 9 
134 159 767 554 846 403 241 697 778 104 377 348 977 722 814 199 201 385 279 687 
376 686 493 817 527 826 711 22 513 138 240 27 466 833 742 254 51 428 524 659 
749 435 947 320 652 550 349 493 295 375 954 329 941 543 846 169 601 963 82 713 
121 280 889 432 179 964 311 647 513 208 261 242 528 883 880 459 595 880 611 443 
525 731 754 243 119 31 585 290 902 276 499 927 720 231 743 385 289 3 552 77 
161 151 581 560 808 87 288 389 358 407 938 537 228 709 943 526 350 791 446 237 
293 293 876 655 760 768 825 630 147 707 915 87 179 129 290 539 464 696 348 702 
820 524 113 311 611 574 153 474 99 390 613 346 814 551 956 163 246 362 911 566 
353 78 215 798 773 711 717 996 702 668 602 262 581 14 136 957 291 901 81 654 
318 629 486 145 683 201 547 145 909 646 761 411 308 268 564 762 946 856 334 866 
906 45 659 436 802 893 223 554 59 578 789 676 518 698 914 745 217 403 824 337 
803 483 511 571 124 667 673 35 184 988 365 207 637 643 960 25 667 337 38 767 
812 270 638 42 700 183 727 380 379 630 493 445 8 129 121 735 784 749 320 177 
304 692 715 425 559 356 311 638 847 683 229 380 621 488 589 601 191 668 438 400 
607 200 929 908 557 768 159 551 681 761 416 715 73 711 38 817 511 626 50 80 
575 962 357 65 968 289 432 97 40 127 544 278 373 444 268 437 346 513 482 179 
614 800 402 450 355 789 440 31 742 437 183 434 338 902 500 78 434 735 329 81 
855 234 987 838 398 231 247 945 990 939 856 738 256 736 84 150 736 759 703 835 
603 83 712 747 417 624 419 330 549 276 735 843 963 53 465 791 506 283 736 152 
898 247 34 934 455 987 871 855 590 452 597 348 391 942 772 570 580 711 859 550 
713 831 473 869 557 878 49 971 160 863 136 442 965 867 449 821 930 817 467 805 
317 860 105 348 273 629 98 192 386 908 706 658 733 705 665 688 244 167 98 792 
233 11 215 470 184 393 51 576 577 497 944 744 110 136 427 961 826 145 724 405 
955 885 906 854 826 673 798 28 497 767 422 559 772 848 574 934 266 577 706 31 
165 147 207 455 648 359 442 900 266 497 281 969 361 780 313 530 80 663 424 425 
275 527 740 464 930 37 107 192 180 633 493 65 870 895 454 155 405 841 16 533 
984 5 769 915 1 352 465 661 526 307 463 78 795 918 60 515 802 322 384 413 
221 171 243 752 275 950 791 332 874 518 228 579 245 534 484 245 534 594 417 577 
532 854 667 461 296 108 766 143 821 224 963 197 175 30 166 978 605 831 616 442 
577 23 374 880 720 26 554 229 637 889 904 260 411 95 316 316 347 961 530 134 
130 574 542 183 615 675 293 520 724 602 163 980 58 683 662 394 954 203 243 340 
249 317 648 511 115 135 594 588 236 502 168 86 747 748 416 749 607 33 264 506 
439 639 495 644 885 219 589 434 434 865 576 90 864 655 280 322 3 85 982 261 
274 682 784 792 325 203 176 5 543 960 239 951 126 95 812 864 881 582 25 968 
289 123 247 191 234 302 952 964 540 441 94 982 566 382 859 859 698 170 16 264 
303 704 58 225 874 970 73 345 894 348 131 780 982 97 481 858 369 658 728 135 
134 939 307 977 7 944 159 785 802 729 727 646 789 514 313 814 411 806 376 527 
101 325 979 541 226 523 335 812 834 515 656 881 599 396 134 900 214 339 829 184 
748 968 165 239 932 493 508 95 336 925 648 585 630 482 626 812 301 378 231 509 
919 594 769 371 90 403 917 448 130 532 70 258 825 288 786 866 450 210 899 260 
194 726 881 433 168 178 806 505 662 253 427 909 240 542 9 125 701 168 602 285 
188 349 992 629 657 936 646 88 320 928 422 925 96 154 203 485 428 5 777 884 
942 980 9 172 669 471 305 318 937 908 659 42 843 77 389 506 579 401 865 737 
541 71 998 289 403 463 734 126 145 716 705 101 108 776 363 266 333 118 569 712 
173 382 466 393 345 700 571 448 263 18 627 77 137 991 225 442 43 455 803 548 
544 758 976 892 609 96 8 590 152 450 626 417 962 198 926 976 731 362 532 673 
327 435 21 948 926 969 225 54 887 10 960 839 408 203 189 184 461 476 63 585 
71 828 50 970 959 740 846 400 995 136 479 211 24 308 893 854 977 212 492 686 
447 783 662 894 546 124 928 186 623 996 410 123 522 306 635 955 997 705 796 81 
225 22 68 519 21 142 996 338 621 392 812 786 108 510 662 346 790 983 688 762 
695 49 832 652 32 638 315 380 315 565 711 99 996 714 707 637 83 984 611 681 
976 806 879 385 198 935 846 796 459 175 487 664 686 338 945 515 314 967 84 836 
794 174 663 341 677 838 483 725 157 426 384 899 722 213 143 405 148 419 400 114 
433 785 252 460 476 112 893 634 943 902 77 804 722 94 716 897 892 409 166 62 
361 141 797 976 492 69 963 116 335 97 338 140 618 831 895 141 352 930 724 127 
680 210 646 884 490 268 838 357 288 676 812 817 687 808 160 168 14 454 451 911 
239 649 46 452 171 488 776 284 779 664 550 851 148 355 894 492 435 648 62 818 
305 277 851 975 0 187 619 466 199 449 166 70 747 68 971 664 511 397 239 585 
92 194 780 934 156 194 607 236 300 499 18 112 872 551 4 173 876 887 149 135 
592 989 886 456 923 656 624 57 380 588 77 92 268 17 724 239 608 45 16 772 
934 932 635 38 245 527 903 942 226 986 862 103 152 243 66 823 472 32 423 487 
10 23 528 509 691 404 991 832 895 927 337 947 592 300 977 438 399 631 164 857 
139 183 862 106 704 306 914 41 202 585 543 10 658 662 49 891 920 171 254 815 
434 245 3 890 475 801 405 350 103 750 84 685 110 715 924 616 792 666 319 567 
632 789 296 650 836 783 81 880 387 983 87 29 664 105 892 689 886 413 645 319 
917 932 477 11 276 600 122 72 751 275 919 281 155 659 58 470 383 205 510 538 
397 743 828 282 586 770 101 712 770 192 491 393 656 154 537 307 645 933 360 420 
941 14 499 647 34 524 37 272 860 597 906 514 198 203 947 654 151 968 174 751 
15 504 334 356 160 319 742 397 936 123 140 338 980 922 131 480 710 254 41 286 
618 96 355 807 678 428 750 192 640 356 872 949 612 727 629 727 294 795 254 761 
205 120 567 779 273 735 800 254 31 804 478 89 802 999 859 307 363 257 604 450 
356 213 937 571 498 84 202 763 946 575 448 926 917 654 41 126 486 118 936 23 
484 131 53 152 43 298 633 788 424 610 476 482 92 587 794 233 944 344 940 992 
27 650 379 382 480 69 98 341 843 894 493 964 197 277 836 989 766 911 644 611 
435 184 168 545 432 615 84 671 167 586 563 142 474 100 393 895 637 948 35 278 
288 351 333 141 171 129 964 614 187 688 774 256 612 754 311 167 519 432 198 277 
791 898 159 981 246 773 441 658 77 723 586 371 92 170 306 969 886 47 942 244 
9 404 886 91 348 640 137 147 450 566 671 491 311 985 344 477 560 910 531 446 
127 138 481 482 15 494 939 986 389 8 800 367 728 764 60 836 907 706 710 719 
880 242 561 176 863 93 638 869 959 910 47 925 988 178 814 515 610 395 511 614 
137 763 476 207 866 631 824 562 192 897 158 385 26 843 835 549 760 481 89 366 
940 638 429 109 36 978 819 344 917 570 984 94 298 144 201 492 964 101 154 998 
284 700 209 154 288 985 445 946 186 250 113 680 559 349 493 135 54 378 719 575 
303 482 69 322 607 992 806 917 593 894 778 457 902 148 960 2 697 141 327 55 
500 818 726 27 895 299 39 27 699 602 409 554 857 451 622 81 512 762 957 915 
575 963 105 136 639 351 33 408 469 245 97 915 703 608 472 591 821 832 619 393 
266 883 83 895 226 261 19 205 566 918 381 726 526 883 525 822 799 431 421 358 
381 700 587 760 434 892 800 59 928 525 466 729 228 764 996 951 83 625 316 948 
497 236 174 486 87 694 343 722 253 356 485 802 233 527 845 332 974 487 684 624 
369 649 490 650 696 638 540 41 356 414 785 687 904 573 264 139 154 365 616 627 
818 404 575 197 848 448 135 104 779 752 238 678 319 868 357 893 191 136 403 991 
228 965 450 614 332 328 643 364 182 791 382 914 717 97 485 503 75 646 401 60 
176 359 868 421 979 543 945 778 336 970 641 895 211 772 712 345 660 678 903 810 
116 797 827 151 46 339 533 880 17 929 339 375 670 525 584 253 573 193 816 513 
236 932 374 282 306 494 257 79 713 878 4 629 923 365 653 954 311 808 641 295 
571 570 94 811 868 545 760 309 44 802 512 962 563 823 554 952 769 248 454 138 
955 264 666 477 364 945 246 594 654 194 792 150 657 768 24 246 323 259 534 998 
968 283 795 36 164 290 734 745 415 84 120 728 489 412 282 746 454 144 205 697 
163 800 105 883 450 651 171 449 458 284 713 697 339 171 336 304 296 526 296 396 
549 673 821 642 827 747 2 27 2 267 345 5 495 475 998 135 686 276 557 772 
106 82 633 515 474 2 95 454 622 497 457 219 803 455 39 328 122 772 115 490 
840 9 700 383 18 842 718 50 823 626 424 455 506 896 230 71 720 705 175 526 
679 21 34 492 528 494 5 49 934 463 974 965 287 530 749 582 739 373 881 43 
874 613 226 857 539 275 272 20 675 902 434 680 178 922 905 696 868 783 630 263 
694 949 761 325 992 919 420 172 538 781 399 732 114 78 869 691 957 85 663 913 
731 380 175 196 936 638 552 351 992 10 812 704 779 597 30 178 322 422 161 376 
473 392 320 3 373 788 936 557 455 501 299 111 537 848 382 241 713 83 285 480 
92 21 894 533 669 87 395 331 206 986 564 769 469 80 988 481 203 975 299 639 
602 708 748 942 997 252 559 568 908 553 250 541 383 898 436 30 19 180 538 402 
827 248 205 816 865 493 348 526 717 728 974 777 373 272 874 774 342 391 891 49 
793 350 958 28 106 344 446 58 125 411 506 437 162 474 645 565 171 358 174 233 
282 901 961 395 385 467 606 871 292 529 8 212 818 92 449 174 524 992 148 371 
924 396 179 525 674 159 354 719 771 179 75 436 828 209 708 572 661 485 774 840 
593 627 527 400 68 242 131 947 158 705 518 839 528 295 501 954 156 959 325 568 
922 308 492 5 232 593 415 205 98 220 739 722 10 804 513 847 274 737 12 283 
87 739 676 687 152 813 784 51 352 227 231 286 360 642 231 13 705 391 194 846 
535 418 694 61 338 108 244 903 570 128 164 925 880 278 494 259 957 733 404 346 
101 706 422 402 620 84 166 268 476 402 909 167 917 135 965 137 159 516 450 809 
732 511 259 514 897 435 60 19 974 616 569 869 964 604 540 564 951 154 999 850 
36 50 337 424 364 969 946 270 545 699 609 621 713 294 33 35 521 17 375 318 
644 333 855 157 292 58 599 540 240 381 500 806 895 528 4 528 403 834 324 675 
129 257 347 818 337 894 822 901 625 760 957 94 279 836 366 482 230 363 137 217 
248 140 572 690 589 115 887 208 667 186 923 682 31 951 574 698 299 342 562 267 
176 329 776 169 902 853 110 852 409 511 136 373 910 815 182 788 679 323 179 616 
731 23 398 745 930 236 348 211 775 446 253 324 863 315 478 488 105 425 624 778 
22 655 262 598 571 870 132 893 517 825 518 488 44 195 703 897 995 728 708 662 
743 559 496 695 629 470 697 347 193 671 578 741 749 410 698 141 679 850 285 532 
942 756 530 680 462 789 925 137 953 508 678 707 657 112 953 45 515 11 511 393 
574 951 941 494 829 552 540 602 857 306 641 971 587 876 750 936 480 510 216 667 
789 815 730 658 77 314 426 6 745 545 986 700 599 242 282 754 223 17 100 468 
138 103 496 208 875 178 1 583 770 605 792 493 975 817 16 410 972 219 473 482 
406 144 633 386 725 63 0 516 986 206 906 813 193 184 746 749 487 45 485 606 
109 562 237 824 78 842 440 749 949 125 560 809 539 809 412 764 352 478 94 739 
895 910 238 363 567 805 887 368 358 325 689 805 449 21 199 604 386 451 354 273 
793 711 446 130 975 699 34 426 215 96 398 118 517 154 752 663 515 462 712 505 
985 490 13 404 149 863 695 817 980 827 790 543 928 130 258 558 339 902 357 923 
762 604 807 854 677 352 160 681 94 36 379 178 584 245 73 442 210 47 35 647 
196 387 68 399 881 149 190 173 278 970 988 89 546 466 585 651 990 618 551 201 
375 414 649 834 466 221 469 385 503 309 900 781 161 169 117 104 893 80 265 327 
697 80 287 178 63 226 291 181 97 456 531 430 231 796 811 960 664 211 481 743 
77 234 35 412 28 447 919 739 75 244 339 340 755 871 223 799 144 973 391 388 
662 601 389 625 246 695 55 477 233 934 373 453 620 413 782 932 972 885 371 809 
412 343 636 572 941 448 586 680 566 106 340 415 604 181 398 466 107 934 871 113 
790 38 857 35 227 54 319 541 426 841 818 632 832 324 676 814 231 1 777 669 
744 570 34 448 636 788 276 985 679 113 577 564 206 867 630 664 403 606 884 871 
614 605 354 953 134 208 115 131 856 260 484 197 503 620 594 637 493 407 425 566 
465 681 863 725 842 462 834 334 987 364 855 825 15 393 757 563 526 333 137 91 
377 41 76 122 539 288 578 102 400 484 532 481 378 325 712 69 617 718 294 691 
67 632 135 45 902 115 786 680 857 42 295 230 305 158 135 114 955 222 307 5 
908 862 428 585 201 117 475 965 245 299 587 736 533 99 764 673 802 77 881 870 
383 63 971 819 249 53 695 502 263 79 237 473 58 610 163 391 895 138 338 355 
923 494 736 821 983 924 77 590 36 278 233 286 231 365 150 172 536 630 2 198 
616 826 889 369 682 426 536 763 828 242 780 615 877 54 980 954 657 115 780 643 
947 183 948 504 242 995 113 31 55 951 290 1 574 743 613 62 99 701 259 685 
703 440 953 163 123 123 9 494 900 224 640 954 368 647 881 916 56 313 274 181 
182 546 238 65 336 655 595 656 958 60 564 493 705 673 233 613 932 310 958 618 
536 116 25 377 458 454 336 569 328 688 347 374 852 335 205 428 511 697 617 759 
626 214 827 410 353 271 436 622 137 614 482 462 188 198 136 506 330 84 833 96 
746 871 643 97 489 932 305 251 579 317 65 946 32 875 176 13 112 105 139 279 
522 267 383 210 728 191 235 667 960 946 572 18 247 854 73 112 311 883 97 278 
963 276 386 299 127 915 187 998 549 824 52 709 734 893 212 934 598 357 955 692 
275 375 505 973 335 942 847 377 555 659 589 140 423 341 91 168 352 367 652 181 
177 154 184 11 373 813 201 826 412 43 528 919 996 636 33 953 225 286 76 125 
256 661 541 823 432 128 830 338 707 494 580 266 612 369 911 783 832 738 334 429 
962 366 947 650 866 919 2 840 238 46 632 92 164 215 89 733 334 797 546 401 
447 417 193 772 645 53 674 363 295 381 507 944 913 528 874 927 422 579 477 96 
869 694 523 213 359 348 193 559 112 589 551 380 852 486 628 645 476 332 279 357 
201 309 136 387 568 504 503 60 455 197 507 842 487 783 53 466 178 473 189 181 
391 983 221 573 227 215 542 643 178 648 832 38 783 322 782 430 872 350 392 97 
782 751 50 782 635 408 430 257 213 8 630 295 970 308 764 778 668 580 37 183 
463 753 35 21 760 380 755 97 481 667 167 824 242 144 820 508 498 210 622 803 
847 456 586 484 58 971 988 532 758 411 667 32 754 173 194 820 413 372 584 763 
386 598 818 224 701 208 744 732 900 372 733 288 489 321 42 222 199 620 534 571 
642 310 431 80 276 286 444 521 278 113 478 461 988 367 403 856 812 239 429 749 
72 158 931 96 802 268 199 795 416 519 872 439 952 732 80 333 501 243 217 645 
914 115 395 807 94 974 41 713 953 926 469 513 887 144 449 187 243 888 239 916 
301 941 75 111 879 598 280 152 236 741 848 984 905 51 209 537 921 268 220 59 
596 653 903 94 856 683 421 416 523 933 260 881 927 5 280 373 103 523 446 785 
697 555 203 298 629 520 542 43 325 336 260 358 932 730 987 381 668 438 744 216 
915 620 877 105 934 839 221 671 865 515 442 64 277 5 281 387 947 586 468 765 
801 883 81 113 946 399 425 685 650 385 219 219 411 556 385 358 673 420 468 30 
893 279 580 245 472 723 610 482 286 938 506 798 253 620 131 566 646 59 905 136 
3 813 172 561 562 813 530 830 369 731 419 137 474 213 388 399 721 654 622 856 
788 263 159 895 226 875 994 155 295 343 563 52 103 553 533 346 944 392 807 762 
886 372 76 722 617 112 378 488 337 749 510 981 693 337 381 856 672 448 86 361 
717 273 751 34 733 981 597 949 391 451 392 50 495 184 501 479 657 997 742 822 
271 577 600 601 730 472 571 369 950 756 423 631 993 36 37 106 782 786 724 251 
756 81 677 709 876 622 128 146 187 518 656 369 652 713 53 964 115 69 113 777 
525 990 550 919 691 45 669 644 313 503 337 564 690 831 270 109 582 382 684 121 
55 786 977 147 480 813 861 285 391 759 839 242 572 422 145 911 706 110 647 376 
567 140 998 8 95 879 227 736 109 777 265 612 900 841 543 131 698 845 849 518 
358 335 797 578 604 869 953 33 191 966 420 685 887 321 794 903 667 864 820 199 
288 125 799 797 386 652 179 576 818 786 671 117 842 284 484 418 845 922 87 211 
554 813 114 772 26 447 949 72 591 122 305 226 664 829 278 587 434 578 622 163 
834 995 817 275 920 254 146 586 854 22 953 342 994 244 379 493 143 765 751 613 
611 150 386 897 652 830 294 629 524 979 358 156 839 304 373 455 467 821 176 953 
136 151 561 361 967 314 5 56 39 764 320 52 726 371 448 411 773 386 271 612 
87 840 789 939 340 394 29 323 609 26 254 49 66 71 750 406 722 471 306 789 
690 778 377 726 728 370 857 626 794 832 1 888 420 840 834 551 479 255 0 813 
34 300 437 520 196 853 727 115 763 860 273 139 175 690 704 402 899 193 735 980 
517 976 805 384 539 587 92 618 576 658 174 830 687 3 835 831 184 186 998 633 
153 320 345 675 519 921 454 122 77 818 344 498 987 779 137 462 715 154 381 114 
824 448 430 550 232 728 170 638 628 229 898 304 677 851 484 549 849 745 307 428 
590 381 934 396 590 440 750 984 548 468 196 672 822 251 554 349 196 922 216 645 
232 222 899 280 678 149 25 337 470 673 616 601 327 712 503 705 654 7 765 87 
127 457 553 508 580 538 393 875 828 265 895 747 413 253 1 912 757 303 824 199 
325 65 491 121 431 805 429 347 842 537 132 107 332 209 148 725 207 790 395 47 
399 598 878 121 923 651 572 58 305 400 185 415 767 826 182 276 72 347 375 824 
299 933 869 884 530 205 125 781 529 566 304 450 974 456 285 135 689 591 580 540 
971 617 396 616 788 171 232 786 671 187 685 297 737 875 591 298 650 156 612 18 
474 970 233 476 872 767 915 973 47 794 521 455 427 897 889 323 19 92 552 178 
214 404 918 46 810 356 745 892 643 167 185 133 146 954 124 485 206 691 322 475 
207 291 564 403 136 808 616 944 500 429 352 414 941 702 852 166 585 447 149 19 
950 37 636 942 520 943 522 573 576 781 273 65 782 890 867 415 51 614 978 935 
680 31 743 956 348 714 942 947 996 228 146 231 571 30 205 380 748 976 267 339 
677 284 448 54 799 479 727 333 451 740 589 711 647 594 597 308 721 302 396 955 
620 628 448 584 761 498 117 737 87 637 568 888 622 841 48 875 920 491 809 963 
337 609 746 970 897 356 690 640 143 724 871 719 208 349 599 638 800 330 42 187 
505 823 463 525 154 859 183 544 985 437 535 850 268 965 498 830 28 335 558 695 
412 396 701 815 921 410 743 920 762 501 870 27 73 205 58 591 970 66 950 501 
171 837 235 274 293 89 571 996 587 626 409 880 656 965 511 707 22 136 856 999 
204 987 703 137 272 767 591 401 557 958 429 2 366 60 531 18 20 116 911 828 
524 870 211 644 493 239 533 746 952 401 210 876 249 157 559 53 221 574 832 2 
196 424 845 190 561 249 881 604 544 646 444 501 663 785 68 171 328 418 288 870 
790 156 981 820 270 74 740 894 217 233 684 945 423 511 940 98 693 628 108 822 
521 208 548 849 702 869 148 613 596 935 974 133 25 361 105 378 902 962 232 438 
427 896 579 287 797 731 907 806 33 197 867 897 633 489 278 54 46 162 452 161 
982 613 777 248 553 825 423 757 335 741 930 275 428 260 84 284 902 525 387 354 
566 37 112 93 509 873 210 189 210 550 578 209 969 740 559 511 141 899 69 972 
249 28 786 190 204 99 833 232 347 724 3 62 148 772 162 178 416 440 63 142 
111 700 959 651 59 997 402 337 966 479 13 776 885 63 360 479 842 504 57 395 
764 160 58 442 506 336 169 351 800 895 847 225 848 585 860 120 244 527 369 496 
611 6 357 889 971 316 268 165 142 336 52 540 576 522 842 821 312 675 885 86 
437 942 713 101 851 726 144 520 845 402 971 410 533 767 735 535 794 189 270 554 
778 773 482 172 928 961 90 184 111 884 126 893 592 907 797 20 264 724 738 186 
670 318 938 856 899 826 377 441 131 473 110 372 59 302 76 763 60 557 754 331 
87 763 541 949 321 584 220 652 336 187 404 32 550 740 677 962 678 24 885 537 
781 656 748 932 940 955 624 57 931 318 2 718 367 729 376 470 703 924 12 718 
259 337 269 632 342 988 348 743 86 816 154 789 873 691 592 434 547 845 55 302 
525 949 450 920 416 973 480 407 74 575 958 362 560 408 524 835 461 844 559 801 
906 666 448 902 719 921 34 430 880 627 593 713 155 545 698 867 409 768 229 682 
332 346 290 79 480 943 963 993 812 22 134 390 635 119 327 780 494 387 147 591 
116 734 831 243 85 899 794 837 859 160 672 485 858 972 457 719 130 567 673 962 
555 393 577 119 872 494 487 134 94 519 985 478 303 676 655 348 138 265 234 767 
454 279 615 745 831 421 353 16 495 679 878 29 409 293 376 716 626 959 152 110 
441 751 54 236 896 279 91 220 931 526 730 945 57 29 4 126 681 518 860 59 
503 759 866 291 350 451 4 261 80 458 450 122 244 371 72 894 528 143 689 91 
799 23 978 242 404 392 846 259 400 318 768 824 953 63 525 44 147 58 611 721 
291 480 805 323 242 897 977 839 934 482 139 89 407 30 355 956 105 666 212 586 
933 269 159 102 285 160 40 856 56 467 566 418 954 592 705 369 424 11 919 342 
259 218 192 917 675 746 219 197 709 922 312 209 88 284 487 879 884 697 729 263 
660 956 686 790 942 906 774 884 809 89 964 794 54 422 432 480 10 531 380 734 
411 545 649 273 624 434 498 953 470 99 209 305 496 503 769 166 767 847 933 995 
971 897 231 404 48 175 43 954 149 442 860 687 273 230 95 426 630 719 79 477 
706 868 465 757 428 244 601 458 812 614 700 336 206 669 448 572 305 100 272 483 
547 462 901 528 535 985 818 516 913 836 638 795 129 286 543 900 343 241 341 697 
638 256 964 273 139 796 863 514 600 669 737 946 756 271 421 616 310 363 354 895 
74 640 495 531 451 713 325 750 849 256 972 573 212 595 374 911 114 367 940 334 
46 130 117 497 514 710 862 432 654 226 303 186 273 451 954 732 22 283 57 291 
651 744 88 356 607 769 249 321 34 397 823 719 234 508 925 254 651 777 575 41 
958 217 401 214 157 445 303 799 301 214 53 547 173 786 32 439 606 225 436 385 
60 62 640 782 557 210 271 74 487 707 128 160 558 821 376 843 398 567 742 485 
222 34 687 509 862 461 900 334 98 188 153 413 376 234 199 219 886 117 100 853 
135 353 73 632 200 304 396 369 925 152 455 196 290 45 473 138 495 705 700 673 
843 729 911 223 956 482 60 78 198 956 420 919 195 573 410 112 961 9 389 127 
762 929 610 156 720 865 450 434 799 686 888 439 80 696 589 901 35 765 463 63 
644 999 376 871 594 310 587 911 636 288 652 423 116 624 288 247 65 421 562 829 
831 501 672 41 386 250 669 735 867 971 633 461 250 830 638 814 980 509 268 230 
887 110 311 831 756 359 319 931 356 954 513 331 903 637 940 167 744 94 926 55 
501 989 240 682 445 346 15 52 563 272 869 85 786 450 328 896 9 414 216 97 
194 15 911 611 814 47 332 929 315 12 736 387 472 794 405 788 71 218 380 929 
804 634 950 380 278 596 261 898 924 299 244 449 354 164 660 615 460 610 400 791 
594 564 843 765 108 362 233 660 608 198 668 757 194 784 592 907 251 917 504 853 
341 152 346 43 557 809 264 789 690 598 681 105 326 391 288 955 299 294 43 65 
175 583 182 583 11 148 785 809 696 556 744 816 891 573 681 127 91 903 59 550 
912 283 925 38 286 908 941 766 883 421 834 661 69 211 292 729 23 773 274 583 
782 737 572 44 695 88 627 228 955 941 213 586 325 794 102 951 267 380 43 669 
260 967 824 918 458 773 501 945 327 403 484 614 548 693 110 529 664 155 7 68 
22 499 727 784 850 490 858 484 93 77 666 946 391 853 980 733 917 194 73 560 
971 479 821 403 979 38 613 535 503 389 860 949 571 698 967 73 967 891 59 237 
835 353 179 75 187 158 950 586 662 252 639 334 330 368 143 273 162 863 865 62 
403 871 212 528 755 665 831 582 178 678 87 89 670 104 84 809 890 426 61 845 
318 34 969 762 37 598 521 503 594 101 18 78 349 72 766 580 669 680 117 477 
14 226 704 346 645 536 719 636 225 361 163 462 917 405 822 382 747 393 474 420 
947 2 592 822 348 160 442 539 514 728 923 358 489 375 189 894 521 171 946 244 
714 596 783 276 362 308 863 696 909 906 508 705 996 357 635 271 433 999 144 419 
666 408 407 867 180 589 270 46 393 73 535 897 669 458 666 17 502 695 586 945 
690 449 806 230 462 735 795 369 660 614 224 357 140 96 635 610 686 797 354 394 
534 848 549 754 890 900 770 995 752 134 784 105 587 796 304 683 936 782 88 332 
340 724 715 609 360 17 430 701 864 854 371 722 392 186 651 552 200 641 504 642 
777 970 617 423 352 885 618 871 651 228 827 344 346 442 167 319 624 634 752 986 
361 9 392 629 518 318 339 227 751 257 492 280 41 858 846 349 992 579 580 724 
246 809 458 92 269 110 45 447 401 27 392 818 314 741 9 140 641 21 476 451 
880 556 575 580 255 462 757 369 76 903 238 288 538 339 958 769 30 466 797 376 
806 517 208 516 418 690 727 327 360 382 686 400 19 971 807 333 931 599 543 172 
659 111 856 732 215 948 904 303 804 942 88 307 589 806 655 674 394 424 800 686 
452 33 265 753 855 165 693 684 63 788 925 718 590 621 378 344 836 540 7 590 
256 897 260 632 678 73 789 850 218 904 933 297 564 454 269 159 565 962 186 201 
744 165 758 935 740 241 269 531 673 865 738 798 377 618 643 255 106 107 195 109 
121 857 510 360 289 366 658 538 420 115 757 732 481 643 193 254 238 242 903 287 
336 917 475 830 417 556 548 40 313 246 127 251 896 99 668 730 554 104 921 10 
645 535 253 84 415 981 752 613 4 824 873 258 374 304 889 560 341 388 198 666 
450 601 602 580 590 447 221 80 232 13 680 735 255 598 44 347 869 411 18 682 
981 115 988 445 214 176 251 898 983 652 803 702 470 364 4 367 44 340 739 970 
67 283 624 840 827 841 713 31 33 318 407 102 137 404 38 736 686 463 899 189 
895 884 554 837 804 504 86 158 585 682 468 848 746 348 738 191 657 494 523 1 
739 556 934 17 929 210 265 835 30 404 536 816 652 10 555 340 989 604 126 463 
334 538 106 977 294 256 676 154 368 720 188 473 764 600 217 610 373 909 588 869 
359 320 698 901 855 656 894 142 968 488 6 67 203 435 100 279 678 597 88 66 
304 300 939 318 988 695 167 731 276 109 910 783 193 306 217 530 896 605 411 290 
326 61 972 954 591 293 809 792 739 741 292 71 371 788 920 994 698 635 65 266 
167 347 121 946 227 538 829 296 422 570 322 647 822 538 338 379 459 729 115 909 
724 136 138 208 494 127 491 75 359 523 253 608 134 319 788 539 29 736 30 295 
873 725 899 502 858 911 246 336 254 286 41 142 290 772 72 95 92 654 229 258 
539 311 444 581 520 647 695 405 577 165 221 359 178 408 790 495 703 789 674 551 
217 668 131 891 965 955 376 546 371 935 692 359 980 192 646 48 461 653 842 967 
716 400 328 288 593 115 395 850 39 251 197 25 379 811 609 603 220 532 697 882 
99 700 121 81 837 437 236 379 350 584 445 768 241 561 416 921 325 805 331 446 
490 993 991 190 493 276 147 687 632 432 979 391 765 605 972 946 364 631 420 140 
603 849 936 9 814 617 614 299 447 598 428 517 247 255 760 518 638 318 937 367 
952 590 766 400 649 232 686 128 530 668 471 172 427 318 427 474 739 543 112 966 
447 774 431 413 215 822 880 216 151 658 547 987 805 790 202 207 822 863 149 692 
406 222 494 51 287 489 15 67 729 627 472 970 444 846 373 607 938 253 719 998 
624 638 834 11 990 360 727 74 613 938 931 750 704 45 728 89 671 858 10 812 
904 238 84 95 510 717 660 691 831 493 549 6 440 69 564 791 180 941 685 538 
605 823 350 606 82 431 708 333 89 312 173 852 23 751 174 860 742 987 222 608 
718 957 474 193 240 684 490 494 222 180 180 871 711 352 176 611 66 990 804 337 
848 899 249 452 255 158 29 523 796 649 202 424 833 909 126 478 223 149 813 713 
605 574 453 81 794 981 392 543 56 873 751 155 738 131 892 229 639 228 305 610 
351 926 655 321 813 157 810 287 78 287 715 624 689 697 806 679 47 396 430 760 
165 545 813 812 880 449 512 684 392 736 721 618 808 202 391 372 172 590 820 242 
516 618 294 291 777 599 144 914 150 447 937 511 73 13 158 67 345 452 731 676 
369 842 367 778 894 789 897 1 830 335 126 776 810 126 165 361 278 712 436 771 
342 141 779 164 939 365 249 722 766 436 855 180 67 482 858 596 594 160 413 216 
347 136 222 753 952 652 391 908 543 242 784 736 119 183 267 902 27 465 153 775 
334 89 171 59 158 369 714 774 147 250 91 216 226 282 974 77 493 268 950 50 
29 943 54 265 3 972 697 335 243 490 763 964 962 868 182 994 649 526 752 289 
354 156 603 483 307 836 76 84 9 204 569 564 367 879 13 88 999 68 813 421 
896 695 40 295 585 549 306 89 29 594 850 621 503 901 765 919 375 710 522 685 
566 390 960 346 830 424 724 667 214 727 808 241 477 113 80 513 700 906 246 264 
889 683 793 450 441 205 913 549 86 825 439 457 321 681 979 412 330 500 853 435 
702 598 624 227 344 318 507 329 59 645 850 630 694 756 125 728 737 180 296 749 
735 947 787 17 853 94 770 129 186 338 895 96 615 560 350 699 497 737 82 961 
669 93 950 581 619 314 295 142 286 939 912 478 563 855 821 946 136 572 853 218 
127 715 946 90 290 117 594 560 113 567 627 663 330 346 362 163 945 175 277 885 
473 449 442 122 681 170 167 335 794 523 804 55 520 486 166 593 159 6 645 371 
472 554 800 588 636 357 351 313 360 466 185 886 473 142 783 647 74 294 48 7 
316 515 575 600 374 283 315 748 909 122 773 45 565 521 87 232 896 773 859 319 
191 91 425 270 719 147 581 910 902 706 984 289 678 277 870 469 336 818 985 741 
253 521 700 75 489 836 346 987 753 939 815 52 710 35 775 744 203 215 630 351 
500 431 96 478 647 232 610 94 999 812 600 722 390 956 592 152 747 179 959 820 
333 125 131 42 527 824 305 907 636 330 240 65 540 267 870 142 712 268 161 330 
58 368 184 580 81 874 603 11 252 7 216 900 556 766 400 935 423 533 225 934 
58 405 637 502 639 632 323 817 456 898 109 82 618 63 825 706 109 115 332 275 
787 392 932 900 599 755 428 964 593 79 270 202 231 743 796 692 285 182 607 310 
952 329 484 446 191 319 212 230 283 752 594 457 545 876 291 458 198 381 241 17 
866 392 80 591 472 344 373 92 909 652 939 863 527 465 304 566 928 875 631 14 
899 480 423 421 662 621 309 486 576 629 309 566 717 711 823 717 896 672 8 742 
280 858 365 290 838 139 31 777 622 240 668 195 580 459 530 383 841 330 66 866 
214 411 858 970 24 357 35 163 565 584 788 802 341 392 535 72 725 342 579 697 
8 8 273 109 671 9 147 447 267 484 778 748 687 101 23 710 75 425 316 322 
639 863 19 319 445 159 927 729 659 762 75 132 391 313 232 596 75 147 650 836 
459 410 957 22 524 933 924 851 264 323 634 19 999 990 221 158 352 606 855 516 
64 16 399 475 322 838 159 767 721 816 167 359 114 212 179 774 44 370 128 110 
460 539 253 580 853 372 592 376 925 493 462 659 390 647 342 6 154 340 504 704 
24 889 274 480 335 306 924 900 128 573 189 794 338 338 37 605 360 345 853 75 
741 660 491 420 642 359 914 53 951 589 314 989 961 397 532 15 99 653 200 730 
376 325 106 862 815 295 219 664 544 405 868 15 943 956 752 728 319 88 106 671 
416 737 701 407 763 836 411 900 789 524 616 863 947 106 327 625 614 298 325 291 
615 281 253 310 156 76 652 855 707 395 358 197 126 406 377 782 455 862 904 190 
198 271 146 634 258 628 285 748 933 780 716 832 874 556 841 190 339 493 431 968 
886 303 327 855 64 70 885 442 549 60 916 527 526 23 296 652 516 228 858 247 
308 716 889 293 348 814 142 777 629 758 929 277 657 229 115 525 159 512 371 378 
348 941 333 973 76 451 704 957 418 169 143 562 988 930 866 258 851 264 654 773 
569 431 818 492 148 819 43 903 906 293 275 927 717 713 261 177 97 307 76 396 
219 948 684 717 325 255 41 977 223 345 319 2 344 688 66 294 974 883 415 805 
514 283 171 89 471 745 482 138 476 888 946 483 200 915 10 87 310 602 637 737 
97 121 67 946 778 714 545 99 311 621 448 470 62 668 932 904 755 100 534 514 
974 801 452 304 129 656 327 705 880 195 477 793 593 121 505 899 334 4 656 827 
57 695 876 187 39 712 566 612 968 770 400 543 759 198 561 148 565 683 596 420 
306 267 915 906 390 568 224 47 653 135 165 670 666 467 349 668 573 918 842 724 
535 908 511 123 941 312 73 271 860 666 458 733 341 897 974 340 425 310 266 228 
14 225 673 251 618 457 497 441 431 406 430 490 904 360 749 196 971 613 620 737 
623 975 0 503 536 477 670 95 889 196 886 331 570 940 77 467 418 343 170 921 
326 72 67 660 546 905 745 666 471 728 434 42 718 370 829 241 692 175 459 370 
767 929 788 899 416 488 943 486 57 271 663 182 305 125 322 187 190 12 579 719 
474 750 811 185 569 609 699 506 945 240 21 175 835 445 428 598 753 155 833 676 
857 545 487 342 593 84 825 831 123 547 243 961 883 857 647 439 86 310 345 515 
70 927 476 716 588 840 174 210 957 543 209 141 623 163 604 178 821 245 578 15 
122 837 785 354 779 304 438 44 512 320 255 604 556 109 472 938 618 907 378 104 
43 260 833 24 189 519 957 586 30 984 180 740 754 371 629 208 113 123 744 744 
37 880 293 229 226 665 722 592 470 597 840 536 667 528 64 670 179 236 938 582 
364 990 527 671 380 563 184 723 246 891 725 251 413 693 379 197 313 555 608 328 
16 790 344 650 663 813 94 927 472 563 155 765 142 727 114 278 79 295 840 453 
482 799 606 548 417 623 577 670 992 283 739 601 615 63 123 174 732 194 715 147 
741 746 432 392 861 737 271 234 492 71 670 69 924 512 209 357 617 462 935 230 
776 666 164 602 652 919 623 491 221 760 550 650 146 892 273 303 352 342 925 946 
283 626 499 362 924 308 192 364 68 699 717 278 121 63 457 724 70 23 742 34 
416 678 289 27 174 566 934 994 392 477 836 864 139 320 61 13 171 477 577 530 
851 981 635 334 122 914 28 167 302 733 822 427 709 428 220 608 265 34 352 545 
164 551 596 634 773 513 846 286 529 923 686 782 838 885 617 573 747 668 419 562 
572 107 729 878 133 498 229 919 957 719 445 924 957 818 629 409 384 190 20 333 
501 556 669 322 691 681 808 989 910 620 936 815 127 593 469 715 432 993 269 297 
271 973 582 682 234 616 960 77 501 29 737 889 232 602 48 548 565 339 798 228 
856 610 786 332 704 333 572 617 453 792 892 509 258 309 348 796 868 521 675 30 
371 409 828 116 274 828 406 901 866 451 165 59 548 254 241 490 598 169 709 153 
916 320 482 365 219 470 773 58 835 492 463 163 571 863 876 220 354 83 927 789 
99 839 931 66 47 785 636 633 130 100 303 780 255 311 24 639 789 592 875 380 
822 961 845 341 165 89 915 370 536 526 859 588 487 489 802 489 364 675 909 681 
643 823 764 999 236 815 28 845 318 508 349 97 622 976 171 164 8 14 656 246 
829 325 818 482 511 545 768 455 841 474 363 449 970 193 411 509 339 424 680 765 
182 209 642 827 434 362 163 504 445 959 795 719 881 496 484 318 978 381 199 677 
766 48 598 331 502 994 316 821 381 808 690 383 86 383 884 376 99 254 67 433 
379 939 12 247 747 600 601 985 953 999 214 988 69 572 46 381 888 706 463 102 
121 417 604 725 454 647 418 137 632 100 37 831 971 898 667 404 356 740 817 875 
219 862 917 337 83 998 508 696 336 506 588 105 192 10 101 245 501 775 804 622 
690 893 984 9 940 940 336 655 43 333 540 812 425 363 556 567 250 127 614 876 
5 193 644 702 634 660 156 209 468 778 50 463 33 167 723 784 959 634 811 816 
553 337 82 428 171 285 435 333 722 230 525 488 384 568 261 421 894 750 579 79 
618 285 148 643 132 309 600 476 28 171 101 54 38 794 516 554 616 644 466 482 
987 500 74 70 984 53 288 837 61 672 777 824 472 858 538 35 332 940 862 909 
170 512 660 195 753 520 816 296 176 848 81 143 244 831 387 196 806 770 790 488 
94 435 758 915 110 56 876 631 616 302 285 643 897 703 162 877 666 410 256 724 
293 770 928 636 797 737 657 411 177 767 581 420 666 821 594 26 99 527 266 775 
609 410 245 437 282 26 725 397 851 136 474 415 197 673 335 633 591 506 445 995 
378 786 854 642 17 929 189 867 799 920 796 931 878 825 718 92 653 689 222 171 
17 218 408 912 608 518 615 622 746 504 374 499 16 501 90 978 866 628 815 887 
827 274 235 683 328 185 744 145 361 58 206 199 823 184 128 801 575 959 526 746 
789 109 435 677 957 744 448 372 269 408 40 734 359 326 565 734 574 677 731 865 
783 431 676 369 27 643 236 632 865 46 45 806 121 544 918 319 86 273 303 655 
459 228 33 864 58 970 524 141 337 258 384 495 319 567 615 456 565 515 699 926 
39 291 133 651 549 578 710 418 85 314 713 12 76 200 328 164 381 568 526 848 
745 274 541 314 392 851 225 285 14 726 85 475 681 132 892 14 522 522 67 470 
122 715 253 747 863 141 990 796 272 640 669 919 333 772 571 801 450 666 153 408 
589 822 26 807 166 171 716 522 663 768 541 475 388 322 411 516 509 482 452 422 
770 864 335 769 278 184 979 709 966 20 495 121 916 122 986 186 359 704 676 150 
701 717 284 168 404 609 659 631 110 967 512 907 99 386 286 168 163 951 563 758 
668 618 331 679 256 259 29 147 683 185 523 761 308 383 280 23 642 743 685 987 
97 117 732 387 348 509 801 770 445 592 493 940 843 322 189 156 52 639 819 659 
819 768 531 36 259 25 345 14 901 589 857 602 846 995 574 501 557 466 608 120 
523 403 0 446 36 999 581 278 613 753 548 962 703 532 115 311 275 512 895 854 
237 401 527 378 142 513 800 859 557 184 114 346 134 297 915 742 278 598 699 358 
894 166 312 336 62 486 979 810 947 726 410 991 195 901 263 572 641 592 769 803 
741 751 249 696 494 656 904 26 698 305 951 828 253 456 503 725 416 333 739 572 
508 626 506 376 415 505 81 792 406 999 441 718 220 952 84 305 386 483 462 3 
144 231 962 8 226 510 114 112 774 401 459 527 133 716 328 699 256 484 214 301 
142 278 840 652 667 265 211 894 307 551 917 345 487 416 338 569 454 296 967 218 
168 786 955 489 567 45 618 382 103 110 108 949 960 285 590 229 242 28 903 839 
856 950 965 995 391 61 368 72 521 327 720 732 957 673 723 859 802 508 722 586 
132 815 660 702 381 189 379 504 200 113 646 100 42 79 830 99 545 293 325 894 
114 426 627 611 454 245 475 925 629 241 814 511 774 192 751 185 796 701 495 38 
213 711 609 525 280 883 872 71 893 472 391 64 330 425 778 786 530 79 676 94 
320 765 672 789 21 296 939 70 542 78 594 432 586 550 248 82 395 617 747 64 
170 815 272 505 440 541 323 456 82 445 164 128 484 71 367 323 354 575 770 452 
523 423 92 947 575 446 164 90 82 849 15 502 137 537 119 720 357 461 16 788 
30 777 836 905 673 999 338 754 45 942 467 781 890 80 77 890 227 448 171 222 
214 923 229 241 810 710 531 564 864 489 208 687 781 971 733 194 79 470 627 458 
853 467 541 855 364 777 166 68 615 531 839 574 535 264 843 408 228 407 558 318 
922 473 315 97 839 313 109 347 764 642 801 83 867 153 114 131 840 715 573 488 
834 831 646 290 964 607 146 637 223 91 463 310 131 38 121 626 662 789 742 604 
203 526 564 477 894 693 825 113 159 709 115 431 773 413 594 937 294 696 955 62 
652 154 30 292 962 120 938 689 263 311 551 324 42 671 452 760 71 713 530 265 
960 351 673 145 576 36 58 669 724 892 756 252 627 452 419 368 600 501 982 904 
685 485 439 220 33 711 297 787 253 228 533 330 132 546 725 918 642 156 469 524 
863 562 567 582 515 698 542 225 564 207 765 925 453 81 760 893 642 285 835 383 
857 719 818 710 131 509 585 238 164 621 405 127 190 922 234 862 781 371 759 976 
551 109 399 609 426 794 385 525 898 114 330 412 323 361 889 691 892 232 164 96 
357 208 657 526 130 197 975 706 72 576 182 549 896 391 292 316 946 17 562 956 
547 228 414 170 578 722 930 378 920 556 669 453 230 157 769 817 979 922 837 932 
365 879 67 760 112 246 524 910 381 69 59 612 205 437 784 760 111 834 574 298 
662 96 446 309 278 866 733 751 904 481 164 858 892 475 191 545 46 713 168 222 
125 430 92 571 896 397 966 488 665 354 667 797 206 780 902 864 790 433 453 969 
786 34 436 540 676 553 240 959 27 609 430 357 359 508 557 730 515 538 858 392 
9 705 810 873 50 80 509 358 77 345 585 927 72 518 197 4 229 931 655 180 
719 828 352 387 293 176 102 409 902 838 418 785 934 399 748 880 560 781 107 463 
708 554 769 737 923 484 591 849 393 888 325 966 961 812 572 888 855 465 592 744 
2 121 440 947 25 181 743 520 280 746 368 122 811 173 326 863 138 725 58 802 
957 864 584 734 466 312 260 404 837 335 33 759 703 449 314 662 122 722 741 385 
627 848 796 552 233 777 22 889 390 648 406 936 44 996 754 19 889 89 255 287 
214 675 490 597 228 504 266 217 320 854 900 421 961 38 191 401 151 567 842 750 
758 901 43 987 795 347 66 175 991 286 388 784 58 300 404 292 514 742 351 869 
275 338 830 226 209 348 26 589 996 973 523 807 499 748 673 498 77 373 39 976 
939 287 165 488 394 723 965 690 368 161 688 379 901 165 890 450 780 818 763 307 
689 589 479 700 973 230 137 447 848 762 339 552 846 325 617 887 342 846 583 295 
239 611 303 240 363 183 120 931 953 801 539 181 477 167 808 493 715 698 801 848 
20 363 381 613 160 639 376 277 741 807 880 733 982 947 211 687 392 704 8 558 
649 728 251 873 97 153 893 369 902 280 403 454 602 951 261 527 504 317 442 689 
224 901 394 443 94 338 100 991 970 969 26 642 659 575 929 16 77 693 493 866 
117 185 509 449 554 463 291 16 143 991 343 125 214 817 412 824 247 799 186 87 
337 913 862 849 488 631 671 745 200 858 890 870 585 700 57 593 163 66 535 686 
516 70 975 319 624 706 205 789 448 586 821 720 526 865 884 425 744 959 404 934 
275 345 811 926 937 121 741 846 974 784 969 731 168 809 602 48 157 184 191 210 
954 571 117 602 593 384 212 507 674 703 191 190 669 617 432 394 678 593 163 671 
786 641 785 461 818 9 16 520 310 724 305 7 820 867 91 181 617 654 414 887 
238 551 90 392 471 994 145 290 488 499 754 501 192 822 927 77 595 476 610 982 
67 261 163 987 47 969 589 641 702 555 970 173 197 272 596 621 560 260 558 749 
686 839 474 40 40 134 252 898 267 636 142 652 435 195 597 616 274 845 756 437 
210 200 648 93 791 642 197 229 377 360 727 492 0 157 418 960 505 154 598 598 
473 457 437 480 751 782 655 404 318 80 105 994 290 788 897 262 132 283 285 303 
81 701 692 895 264 542 516 205 715 80 22 199 29 913 152 691 302 279 601 56 
99 265 978 472 121 519 75 417 970 597 316 901 393 852 941 918 787 625 527 686 
592 42 261 382 392 830 773 477 937 333 148 324 712 608 785 303 133 754 600 646 
468 295 810 117 289 540 410 409 684 351 276 52 613 632 569 179 658 344 390 766 
295 288 222 847 893 558 300 655 550 780 494 925 424 170 423 248 768 957 20 336 
313 975 953 223 749 832 116 206 866 365 922 757 737 649 968 691 19 410 365 895 
853 45 839 46 46 788 339 94 855 455 137 250 602 833 583 87 757 860 284 502 
393 119 120 620 950 847 747 198 642 236 651 433 314 230 626 224 952 263 110 959 
365 547 347 360 424 501 254 36 888 787 675 925 791 142 570 25 343 547 597 137 
185 189 198 643 228 870 294 29 859 555 889 883 371 744 680 994 291 172 886 198 
484 918 104 985 19 512 223 613 420 267 312 628 481 196 574 174 148 269 269 147 
434 631 354 641 200 646 154 296 586 45 536 436 73 484 371 779 677 391 559 296 
868 761 362 143 2 33 18 105 649 820 190 82 746 307 858 746 741 86 231 65 
870 168 18 887 281 877 420 59 6 714 962 489 240 940 205 41 627 716 764 94 
100 145 377 300 206 407 514 982 138 591 825 991 110 598 822 119 217 186 483 160 
654 962 576 42 271 645 976 571 644 646 947 691 893 567 670 544 932 604 800 333 
790 81 831 576 147 238 194 508 19 657 936 540 908 229 449 841 562 411 563 30 
214 462 0 793 139 27 285 981 148 344 798 822 657 172 593 213 228 536 520 397 
615 237 675 541 465 854 925 279 897 166 301 136 673 117 721 192 814 703 494 364 
23 390 883 675 957 409 438 950 10 485 247 100 421 795 276 628 660 250 180 180 
923 71 440 961 228 177 975 488 847 930 945 101 829 579 799 386 927 495 608 883 
21 620 655 967 179 133 763 81 6 379 527 943 472 908 515 699 264 685 458 249 
958 204 807 648 245 761 121 420 66 367 326 531 732 789 623 783 356 978 912 603 
351 48 572 634 473 696 974 660 805 526 467 546 658 718 926 420 128 631 491 977 
660 584 568 231 951 920 97 140 974 986 412 484 22 305 988 587 574 608 481 509 
978 902 128 420 948 127 367 115 437 894 916 65 789 402 455 743 200 486 156 61 
546 742 933 666 915 47 584 643 982 982 917 30 391 788 171 415 155 944 411 851 
845 869 236 587 254 773 625 411 100 734 640 612 143 757 133 910 408 481 230 146 
930 849 912 663 757 240 618 347 328 679 552 101 360 116 587 257 183 578 631 699 
454 993 293 823 861 7 346 632 442 55 632 872 137 169 475 896 660 859 631 232 
539 470 736 689 397 811 241 521 191 856 777 423 164 902 155 463 518 93 126 832 
908 602 325 172 884 599 135 640 859 787 664 589 955 685 121 327 316 139 767 796 
687 343 280 822 614 877 635 804 24 78 239 934 99 961 444 296 707 186 866 393 
59 19 775 444 161 82 853 78 582 595 99 1 102 936 874 417 757 414 435 854 
243 954 671 641 418 52 191 66 397 442 861 537 763 784 851 787 604 119 987 127 
67 756 6 562 125 994 209 688 489 322 628 892 136 874 853 618 207 571 901 275 
74 808 529 576 956 396 148 651 453 179 331 778 50 972 553 869 235 269 683 163 
577 416 351 400 383 453 433 577 450 295 438 683 580 883 957 600 493 14 450 499 
667 807 140 455 452 677 706 819 937 978 610 25 198 360 106 360 455 467 275 886 
237 543 266 553 544 963 984 120 871 807 677 69 231 242 120 702 601 79 194 812 
223 496 53 276 703 363 695 261 848 852 459 264 365 948 449 887 625 505 132 695 
994 486 45 367 152 188 958 182 695 464 882 216 412 359 523 874 781 944 516 558 
84 241 513 785 740 917 651 723 268 660 136 310 173 611 906 67 463 205 790 145 
881 666 233 671 312 336 750 292 599 399 571 749 704 729 413 175 442 474 600 534 
644 508 948 533 825 518 908 183 220 86 969 261 405 829 238 784 756 586 909 194 
894 873 459 528 743 37 887 515 423 115 88 64 15 826 736 820 309 856 531 627 
734 550 293 251 692 639 259 669 368 197 392 596 346 517 307 328 327 580 343 469 
41 721 44 24 597 12 884 978 394 584 856 353 878 246 547 259 805 98 23 172 
28 953 807 97 274 331 613 621 304 238 405 125 835 179 690 400 704 469 224 705 
951 438 329 815 243 444 963 548 449 749 786 877 406 567 210 186 406 92 240 311 
315 283 914 386 443 689 851 910 597 218 36 279 261 3 927 439 750 954 222 432 
735 449 404 874 665 910 641 471 112 118 348 342 256 916 924 45 682 764 952 11 
102 517 352 869 547 638 227 383 806 904 986 181 184 365 869 754 523 319 588 448 
629 580 929 625 814 800 173 783 7 227 711 127 835 477 116 763 371 247 939 311 
612 188 601 116 187 209 933 308 725 288 988 197 144 419 343 346 934 991 147 862 
283 678 754 722 132 978 24 368 234 583 305 161 624 560 929 445 313 773 484 137 
502 708 759 918 711 893 246 119 119 242 784 666 13 798 464 227 656 525 453 678 
514 405 164 300 857 4 980 495 2 90 242 505 646 232 270 698 794 801 430 369 
594 0 698 469 342 810 360 812 327 549 529 107 995 553 955 135 47 430 512 484 
869 575 991 716 439 374 106 978 498 255 984 719 142 873 27 661 821 18 28 379 
554 178 526 888 868 180 184 43 491 144 967 442 171 652 884 577 487 341 65 550 
567 680 826 531 572 629 818 219 411 735 883 105 73 237 2 141 198 981 490 904 
509 913 536 826 35 58 367 866 350 805 629 630 688 43 13 971 716 269 335 7 
712 352 709 901 107 941 431 106 993 428 273 334 676 666 91 908 766 840 25 325 
685 63 29 481 886 624 362 872 893 185 826 9 195 573 354 881 905 202 731 142 
596 841 69 684 593 258 720 384 75 591 203 507 867 873 944 257 360 480 591 106 
215 695 755 329 44 414 730 195 274 629 344 962 63 853 14 579 652 9 727 997 
547 981 916 628 65 926 736 764 487 50 486 745 124 817 498 422 781 668 117 733 
743 221 621 399 555 335 772 76 500 632 632 917 174 692 475 479 471 835 516 395 
514 710 662 669 473 494 183 633 331 438 395 581 399 978 898 171 640 776 911 805 
809 533 635 662 587 251 258 518 300 146 612 894 562 757 798 421 753 598 386 890 
337 141 204 635 355 221 191 582 61 207 760 62 813 50 456 105 594 731 776 7 
793 562 264 661 927 726 944 354 402 162 667 777 237 503 625 993 211 572 268 594 
899 436 317 953 693 679 959 5 877 515 68 643 213 20 464 447 848 465 979 20 
420 681 266 230 183 798 728 486 894 978 345 749 714 351 343 244 963 379 529 708 
521 995 312 162 81 79 652 589 365 135 847 475 296 44 640 536 968 610 258 217 
53 380 86 712 400 153 967 281 159 270 460 980 25 180 747 268 477 995 484 847 
0 438 860 47 78 369 227 105 24 65 952 259 895 884 371 35 32 817 915 838 
305 168 801 639 987 84 445 400 968 488 64 797 374 161 162 495 69 402 148 999 
190 605 216 188 653 521 528 390 320 631 981 964 984 282 281 923 487 574 846 271 
914 135 480 671 290 629 425 388 598 583 740 99 947 214 756 316 278 483 637 265 
617 732 555 442 36 283 843 424 406 287 918 561 701 279 501 821 186 716 993 726 
16 814 90 173 414 954 339 458 819 195 459 339 450 495 863 794 326 771 414 320 
872 409 766 454 966 888 877 646 142 605 738 781 468 393 429 876 120 435 868 399 
811 936 968 110 220 376 192 274 974 507 604 210 580 971 788 870 144 627 810 507 
879 256 900 329 585 544 743 449 232 41 545 196 47 754 590 192 734 911 198 411 
427 945 4 509 402 13 521 697 688 551 482 580 293 14 16 881 792 953 999 21 
863 234 937 639 647 786 731 89 209 413 600 701 86 472 653 290 388 888 566 630 
545 484 759 929 919 926 756 919 537 934 77 302 461 560 676 720 682 399 249 427 
964 506 488 376 678 397 809 209 688 795 817 30 753 339 487 433 166 192 322 193 
59 798 72 428 881 570 226 241 321 657 215 645 800 356 477 171 188 194 943 809 
398 710 308 297 304 491 964 166 385 717 816 424 318 482 834 121 924 129 651 200 
683 17 148 374 85 213 87 328 855 566 975 756 719 618 901 335 751 780 701 14 
33 788 872 68 604 385 122 451 261 947 847 102 985 862 554 63 898 100 366 821 
480 74 41 296 258 654 526 480 902 671 658 522 973 237 256 388 458 299 217 148 
669 979 542 188 395 40 384 48 888 121 731 827 351 45 261 102 569 658 709 643 
588 91 546 50 14 905 266 546 451 480 773 522 403 790 296 431 176 791 806 17 
950 925 196 330 547 895 668 662 769 623 44 633 202 128 223 614 300 479 565 276 
637 113 735 6 824 958 38 850 544 820 436 777 317 471 306 281 173 272 44 352 
460 244 490 834 855 566 832 581 918 423 185 747 168 541 727 919 163 138 222 123 
44 990 106 794 628 496 510 834 588 753 622 668 346 369 839 830 220 350 661 208 
60 50 918 399 917 36 822 935 365 298 209 508 708 94 864 578 164 582 782 715 
945 841 850 225 770 318 947 709 225 655 751 335 864 447 460 407 780 335 842 844 
478 183 120 923 127 619 974 66 380 323 235 549 187 968 625 224 21 28 502 294 
589 514 588 458 335 478 803 453 676 565 292 559 725 848 745 329 614 445 148 778 
606 159 278 536 211 959 57 57 723 210 328 147 520 421 109 889 892 623 307 183 
854 550 125 112 667 429 870 653 576 684 83 121 575 304 918 307 777 637 476 628 
443 121 777 330 787 570 234 596 589 371 396 750 513 43 275 887 111 839 950 97 
606 841 385 857 201 288 762 536 364 450 657 801 389 96 569 412 414 313 332 666 
658 521 558 810 646 723 896 155 434 301 736 595 160 115 183 632 732 718 484 861 
708 311 127 23 179 15 488 929 448 160 985 540 668 185 185 987 804 966 587 774 
188 119 46 284 413 634 286 447 127 211 123 891 643 523 328 328 530 70 687 920 
962 625 227 778 899 556 430 176 28 309 164 22 332 605 63 340 797 455 948 422 
451 462 247 274 182 854 915 170 876 230 612 394 820 308 72 292 270 601 579 242 
382 447 890 996 698 920 803 907 842 793 179 261 944 479 328 626 440 232 296 590 
985 310 849 168 373 807 986 649 806 65 985 554 953 308 15 912 295 999 882 633 
25 328 898 859 717 815 134 298 15 50 791 747 569 902 508 720 533 116 648 3 
474 306 833 445 390 212 466 641 771 91 212 901 157 669 776 929 826 564 265 148 
531 323 704 923 211 911 839 802 701 923 417 624 883 694 674 294 60 176 923 641 
181 755 73 832 996 47 935 536 664 673 921 766 173 532 323 284 671 552 384 208 
837 842 175 905 512 444 123 908 892 143 514 486 686 863 809 818 166 462 174 398 
567 323 902 249 77 852 80 815 582 817 57 624 388 651 945 126 18 781 862 902 
69 218 280 873 157 63 364 451 244 770 581 587 510 316 304 429 706 83 695 156 
984 779 601 316 595 357 271 919 697 8 938 93 800 200 779 618 803 852 283 595 
598 524 852 297 878 459 359 105 548 25 800 67 324 820 56 514 721 825 145 267 
252 741 231 801 84 585 20 424 544 965 404 81 155 507 739 70 158 640 828 351 
349 335 243 659 923 871 365 651 55 917 471 43 259 373 684 314 410 261 227 581 
635 754 704 15 563 360 138 107 783 292 605 973 874 668 625 934 276 633 234 966 
908 124 673 471 472 143 611 192 826 581 537 495 44 116 456 467 264 418 929 424 
57 926 420 516 918 304 688 706 520 196 270 669 618 395 855 663 512 531 387 498 
403 56 604 463 76 954 530 14 255 17 977 925 459 62 527 28 295 988 930 984 
663 351 145 166 774 612 106 315 950 633 220 498 702 126 534 133 979 788 632 735 
259 813 824 402 110 301 856 292 845 623 61 824 424 275 828 674 762 814 192 779 
688 90 919 726 74 928 109 273 873 915 297 912 786 231 231 998 233 322 862 62 
201 577 243 938 859 382 421 377 222 969 634 758 574 549 890 687 896 525 867 771 
284 174 428 863 372 318 943 443 533 581 600 128 251 843 83 157 433 475 93 659 
353 278 97 77 865 43 70 924 335 909 791 634 151 253 227 109 346 354 614 655 
281 311 960 483 138 876 940 898 554 591 844 711 844 28 531 376 153 74 299 183 
280 465 545 991 48 313 493 210 292 244 422 370 694 126 429 391 799 60 88 233 
733 84 43 695 406 275 570 23 741 764 482 942 483 807 544 554 423 665 626 926 
817 355 221 910 395 117 327 84 961 708 782 818 123 385 352 737 312 468 525 129 
806 9 817 954 111 714 886 691 437 861 322 289 554 983 549 554 113 985 38 298 
841 826 262 197 819 470 37 238 554 214 459 768 163 247 410 939 197 887 418 122 
586 533 413 530 390 585 229 861 752 444 546 272 447 49 680 801 790 860 960 566 
683 353 654 826 805 768 891 889 724 728 900 454 541 626 795 690 542 312 996 816 
623 53 203 447 810 6 172 112 644 386 51 360 276 582 533 80 595 868 262 763 
5 260 76 880 383 91 428 241 177 244 268 987 679 381 889 71 986 723 858 800 
164 192 836 230 164 363 576 658 806 921 586 259 607 276 907 712 295 729 408 159 
792 389 748 830 743 842 852 824 288 383 770 354 239 966 677 54 204 19 407 344 
