616 54 806 725 393 804 719 896 741 514 263 378 553 106 629 488 692 925 520 70 
919 280 757 470 975 463 727 162 425 977 537 332 293 436 352 628 630 347 599 450 
481 837 738 140 724 768 848 322 321 389 691 856 834 270 857 844 903 437 688 0 
294 527 445 346 707 649 430 235 841 401 345 61 79 561 476 736 374 895 119 279 
970 776 215 294 511 583 252 311 678 96 460 973 608 594 113 72 546 52 617 475 
201 167 622 698 288 620 933 528 456 824 930 88 648 181 388 530 405 651 908 784 
755 495 68 273 212 594 254 262 137 549 858 12 375 235 540 449 267 729 165 538 
714 49 985 364 538 853 266 746 461 762 547 759 231 770 599 364 749 103 562 860 
984 893 392 13 123 663 429 522 585 909 524 367 379 996 669 541 697 511 809 327 
646 436 639 156 377 66 436 909 345 394 414 89 696 843 826 616 388 899 63 13 
914 730 499 815 243 17 116 937 820 723 505 929 721 586 34 246 338 142 101 78 
384 666 939 366 593 239 602 227 978 85 204 601 637 71 104 418 124 390 911 529 
780 601 978 944 701 356 99 118 665 766 713 309 115 47 407 923 562 466 455 455 
886 831 291 855 11 124 492 448 556 861 87 109 321 802 149 499 395 512 649 53 
551 19 152 243 434 826 380 880 972 219 25 180 968 600 516 463 395 626 880 216 
171 30 658 589 362 61 304 459 635 288 718 913 364 291 201 792 868 754 560 477 
295 274 480 554 264 857 750 697 630 624 82 467 322 263 90 537 696 426 28 193 
740 307 785 146 575 289 710 835 666 975 405 73 410 647 356 392 676 457 83 485 
891 942 212 985 920 786 294 104 522 186 274 571 358 194 778 394 600 258 358 526 
867 866 586 150 69 971 253 320 295 184 818 107 531 21 284 522 599 286 166 331 
217 244 825 665 859 428 145 343 729 760 426 983 0 658 454 2 969 885 139 928 
303 286 707 730 774 308 76 566 84 148 817 842 492 48 64 821 168 953 710 571 
655 898 256 63 152 351 579 886 446 646 278 545 604 172 254 339 19 563 498 108 
593 147 273 917 772 823 905 117 240 641 585 540 949 856 793 662 436 33 512 570 
939 748 534 3 664 641 108 574 74 91 296 413 830 755 77 420 353 408 163 906 
745 293 795 67 889 827 581 107 220 561 253 549 833 769 139 405 968 726 203 195 
621 275 45 409 594 373 453 638 402 115 949 740 219 636 114 319 323 850 461 232 
663 878 18 833 152 597 390 753 495 385 852 313 977 43 385 600 638 95 73 141 
799 872 745 675 383 327 463 122 812 742 639 675 414 697 703 388 559 663 877 157 
10 204 656 162 409 867 556 922 42 180 129 919 762 152 558 503 285 948 51 882 
20 165 156 205 680 353 957 463 126 479 330 394 76 535 125 92 515 300 398 350 
373 809 958 853 680 202 300 287 996 781 996 128 554 25 117 702 694 878 642 730 
798 565 539 744 275 816 525 576 607 669 815 62 759 864 878 870 588 119 179 293 
77 34 636 508 895 842 761 942 175 0 767 980 463 289 666 759 911 489 30 206 
102 383 311 736 50 384 426 92 692 6 4 823 879 537 57 558 394 142 855 740 
404 72 396 591 112 796 166 190 617 386 802 157 592 393 990 325 419 873 123 685 
304 815 645 382 547 892 493 397 116 535 537 418 916 445 970 593 146 542 94 62 
281 265 983 31 772 427 252 980 301 460 631 474 681 274 343 977 712 322 694 35 
692 940 774 494 273 863 679 67 140 61 108 903 582 352 631 242 51 61 866 359 
613 504 672 171 183 192 170 122 567 980 94 366 3 54 366 993 56 999 933 53 
311 899 159 441 921 262 321 863 940 184 430 388 838 293 572 304 113 152 495 63 
792 481 572 335 729 652 712 979 875 220 354 638 746 447 335 676 793 308 541 550 
360 923 610 965 246 740 949 289 880 50 52 785 858 601 528 78 261 54 510 179 
130 822 480 800 942 642 20 344 647 497 995 615 638 22 436 952 829 988 97 429 
67 95 947 776 30 277 738 314 96 124 823 131 940 262 366 401 803 195 966 916 
258 461 371 185 743 770 238 253 140 341 298 613 131 806 42 492 291 907 34 117 
441 575 316 337 522 691 980 890 640 666 989 601 659 601 573 46 51 230 478 742 
987 799 975 617 239 247 107 428 722 54 624 213 841 358 715 270 580 421 41 603 
406 623 737 647 138 403 185 332 809 546 686 25 737 523 608 337 128 27 205 282 
122 203 468 915 15 274 813 442 305 996 719 228 924 715 226 734 542 589 7 68 
441 175 685 216 711 369 821 21 246 833 999 484 548 540 742 655 92 434 538 564 
217 817 629 573 963 437 537 813 208 807 591 861 12 347 203 161 92 119 222 804 
376 897 987 739 919 408 303 521 303 958 115 622 93 283 603 101 394 989 812 806 
495 864 634 209 994 377 263 445 249 951 867 408 14 995 264 487 572 615 525 648 
826 582 134 566 733 419 458 93 34 724 565 671 556 264 350 726 731 350 723 923 
646 272 796 207 762 216 222 136 171 594 161 365 474 51 484 853 192 712 920 949 
803 233 906 569 334 439 636 382 973 204 806 653 466 650 729 162 161 191 157 133 
171 8 252 816 705 420 190 443 87 578 470 725 796 956 477 396 494 982 605 263 
651 650 32 729 453 582 907 120 326 401 893 359 517 913 516 265 615 57 803 264 
753 825 804 61 749 110 284 88 28 948 583 345 563 177 290 680 608 491 944 283 
615 333 86 502 176 62 123 632 475 410 778 747 855 494 531 716 807 222 705 780 
415 553 116 958 917 655 530 74 723 730 977 737 724 787 297 914 677 902 224 421 
662 936 333 830 313 16 777 339 986 132 411 113 159 174 195 781 563 431 305 215 
77 577 823 923 990 643 76 523 499 41 650 255 264 171 819 183 534 519 351 930 
245 225 673 464 790 417 28 381 986 462 767 374 743 778 816 401 693 558 648 688 
987 16 987 879 704 193 420 447 255 60 510 841 649 196 829 478 161 749 270 447 
853 486 597 97 585 933 670 83 984 731 766 275 437 290 266 157 582 396 384 765 
699 622 493 80 670 53 814 6 315 399 331 251 697 782 377 894 722 408 615 537 
656 978 548 418 704 23 199 305 907 251 326 555 882 885 755 238 187 348 932 167 
618 457 530 489 233 942 989 550 530 429 565 914 676 356 412 454 669 303 250 963 
327 239 929 199 78 922 202 797 488 178 783 48 694 706 171 672 811 407 911 281 
946 683 415 487 885 768 676 991 699 379 331 50 361 919 702 819 581 267 953 587 
502 718 799 778 728 163 774 969 887 88 457 878 394 787 509 416 298 894 422 604 
723 426 34 679 474 395 526 269 247 851 808 793 29 689 548 149 624 931 75 365 
630 281 770 567 625 52 175 213 36 727 632 911 924 853 471 10 1 83 41 446 
653 599 87 23 580 354 359 529 845 882 723 497 80 58 593 74 576 182 653 742 
163 802 820 190 279 922 666 163 687 712 327 909 935 297 22 700 468 289 462 718 
343 280 652 896 916 268 504 864 46 577 935 522 614 271 865 298 19 364 860 538 
916 321 225 796 252 424 829 370 21 382 154 19 632 782 943 905 995 839 142 441 
556 334 461 659 733 991 479 291 633 368 43 422 711 190 941 441 252 693 940 463 
365 66 796 9 246 811 428 755 276 9 515 741 186 940 119 375 274 200 206 192 
937 752 352 529 272 752 749 149 377 670 467 532 575 84 346 232 441 879 388 799 
896 332 927 203 967 116 549 783 858 685 190 67 466 27 212 849 673 678 519 496 
624 390 274 713 361 724 366 968 338 731 549 509 399 135 586 540 563 973 303 578 
288 235 871 946 549 401 421 799 159 720 493 330 484 346 137 565 612 355 246 769 
240 806 625 477 968 290 692 201 823 551 686 882 234 492 825 366 305 243 837 914 
85 639 669 930 699 892 353 930 319 120 212 386 12 400 7 647 427 286 117 831 
387 354 680 861 544 639 692 63 111 616 691 548 512 346 953 849 805 611 128 374 
883 475 551 845 310 810 838 850 241 618 262 121 454 511 486 108 707 172 177 349 
598 512 734 243 843 689 544 376 899 247 656 978 111 956 151 136 45 491 944 504 
50 327 661 726 481 381 521 31 83 364 118 199 191 83 632 592 652 437 778 301 
29 241 575 14 988 108 268 292 154 59 132 679 133 531 379 573 412 484 183 462 
975 334 884 862 106 946 32 843 923 60 751 152 338 960 511 569 833 322 453 544 
828 594 890 800 643 432 617 23 749 269 554 49 560 978 212 322 814 108 334 596 
281 649 695 963 691 164 766 157 911 767 92 630 52 569 690 642 675 470 869 244 
23 111 161 327 885 737 436 835 44 274 314 571 990 601 442 196 975 846 630 336 
894 922 704 252 370 919 452 103 430 163 769 604 784 314 52 721 711 130 958 857 
315 75 36 375 721 558 352 661 407 156 606 323 557 347 338 155 509 973 80 733 
284 649 475 975 73 878 418 239 901 989 777 348 172 607 476 201 787 775 689 60 
922 409 110 222 853 610 176 51 293 290 158 669 252 0 285 732 257 964 205 777 
728 155 188 771 414 822 362 362 908 284 245 905 249 610 846 721 373 128 931 388 
803 54 254 399 759 206 790 220 425 659 572 583 104 83 625 327 170 673 566 823 
442 198 948 910 372 465 430 628 886 324 451 350 143 145 384 299 100 501 182 55 
224 516 591 24 348 469 351 952 751 503 17 139 160 636 23 290 602 837 926 870 
263 7 649 392 672 676 780 633 748 428 20 821 327 478 86 358 188 626 926 86 
335 353 249 213 468 335 524 532 204 751 150 264 553 687 267 939 543 846 659 480 
814 844 394 606 893 185 865 423 994 640 510 673 815 421 855 604 415 37 645 93 
1 461 366 442 443 494 419 919 164 623 379 345 283 684 527 233 411 205 881 948 
771 146 399 88 345 373 572 225 992 568 872 397 842 618 518 228 31 868 511 228 
501 832 590 316 850 124 939 32 321 35 604 780 170 85 649 285 173 497 118 108 
759 528 295 140 598 795 535 494 282 23 553 802 13 528 618 833 316 724 519 297 
158 330 187 121 781 715 220 646 498 79 199 869 526 595 296 521 398 266 327 767 
110 489 151 8 178 927 473 992 353 285 985 597 179 978 231 57 532 371 600 827 
849 801 430 547 899 763 165 941 930 230 255 928 299 105 979 256 269 174 914 240 
344 686 122 700 199 492 854 29 64 629 645 454 474 734 410 768 198 31 485 841 
601 47 592 745 504 256 308 688 581 108 916 378 778 888 314 181 291 847 322 829 
121 914 44 654 180 719 725 506 616 784 440 858 147 542 128 802 326 637 242 649 
667 193 137 94 550 89 778 50 550 179 649 673 86 961 315 826 31 683 406 394 
521 877 278 907 793 698 873 107 237 488 717 290 102 662 448 428 965 875 328 585 
97 321 533 57 56 283 580 35 652 322 397 415 384 14 847 635 787 659 978 20 
116 130 269 965 487 369 705 540 966 70 846 35 76 32 420 436 694 470 21 689 
387 421 930 907 621 443 827 657 936 33 882 252 483 425 498 760 981 333 212 478 
138 344 578 687 654 232 440 315 609 660 424 860 371 530 917 92 522 725 498 862 
1 357 939 404 35 15 604 269 233 567 953 873 9 379 302 263 256 538 936 86 
816 532 635 891 301 60 950 780 12 731 972 642 606 559 716 892 340 620 619 585 
147 945 432 246 674 470 697 522 633 493 468 797 204 847 872 864 592 880 373 201 
966 110 425 821 326 29 533 92 837 39 175 311 954 802 833 237 709 154 738 423 
258 337 812 776 69 140 182 593 221 560 978 404 590 588 401 263 297 89 854 891 
679 80 969 478 839 938 789 70 796 814 3 967 626 934 192 310 346 27 677 167 
652 59 5 556 36 440 509 335 912 986 663 139 889 863 295 925 849 242 146 160 
252 146 131 354 794 917 48 505 147 669 69 642 676 801 679 251 329 247 187 607 
587 361 856 730 596 589 514 694 217 137 505 437 576 855 130 287 305 5 268 583 
458 1 133 809 805 371 670 359 669 139 477 917 529 852 849 217 408 769 355 95 
502 904 379 787 902 492 72 512 496 151 492 657 132 343 784 966 344 280 868 713 
127 323 249 842 971 725 202 504 268 155 376 408 521 517 494 683 6 153 629 667 
727 1 273 190 508 719 227 143 389 968 607 425 952 247 209 693 864 940 764 382 
529 884 203 419 882 650 564 181 841 710 537 969 381 62 913 768 256 538 503 877 
523 340 209 31 495 511 427 520 489 384 989 461 718 99 291 647 912 903 515 992 
695 884 900 602 99 603 397 325 456 215 252 440 891 923 904 650 821 188 737 873 
918 873 158 771 236 256 231 115 35 34 189 950 335 938 119 718 544 522 926 686 
829 246 482 840 893 477 214 828 329 430 642 41 174 687 928 697 658 124 377 584 
396 733 177 237 865 144 728 973 709 410 682 795 39 672 962 820 184 387 802 387 
596 235 174 584 842 731 706 975 665 781 752 550 699 919 55 158 335 159 560 62 
769 19 531 716 85 844 594 398 980 36 84 344 606 77 733 262 65 604 347 693 
880 86 372 245 368 369 774 137 127 878 280 578 997 334 551 329 912 659 651 556 
986 432 156 299 214 811 15 571 707 138 925 362 32 972 925 172 921 322 112 950 
337 277 918 457 153 193 576 473 335 323 398 15 466 279 98 971 221 534 620 46 
658 253 959 79 793 921 395 804 833 482 684 260 934 645 572 67 788 439 349 501 
347 590 537 998 171 210 438 202 762 189 908 192 132 870 720 524 474 492 830 350 
670 409 930 853 525 813 704 511 710 533 830 957 43 291 766 235 646 784 688 182 
686 32 375 249 297 69 626 801 492 254 646 288 952 664 667 95 895 157 540 935 
521 173 963 737 232 35 452 188 458 26 272 528 176 327 581 193 650 856 612 598 
206 853 860 298 761 430 461 11 700 366 743 913 306 678 908 89 826 509 723 523 
432 815 366 136 129 419 686 272 943 169 294 491 385 251 782 102 966 356 97 977 
235 975 201 830 484 833 737 148 376 177 610 710 952 799 594 326 544 731 683 933 
183 871 504 639 132 720 93 618 162 784 39 720 741 992 10 270 957 117 42 868 
610 584 907 189 657 482 565 537 62 695 626 666 938 523 290 859 264 538 770 40 
266 916 504 857 329 41 722 553 653 634 95 391 130 817 77 370 907 833 565 794 
267 824 941 157 498 843 684 319 468 603 923 294 457 720 618 125 984 523 97 502 
757 720 384 446 477 508 344 932 696 747 100 777 614 941 882 367 244 713 863 539 
73 819 730 277 397 786 263 842 866 685 887 215 549 872 845 576 302 369 68 522 
429 48 120 750 200 646 771 991 515 13 289 695 583 168 197 156 310 404 997 753 
542 16 748 986 492 513 399 55 427 657 674 293 613 257 99 865 296 388 526 927 
973 478 571 10 373 180 398 69 213 558 366 649 220 851 864 848 379 995 412 897 
780 171 184 669 237 517 651 626 279 622 901 645 2 308 606 901 228 927 540 422 
842 854 128 748 749 70 787 640 257 367 469 847 2 24 919 505 88 204 378 656 
469 884 247 282 83 399 896 600 571 559 127 360 492 902 493 616 617 865 901 868 
199 68 603 929 837 638 335 699 204 622 863 468 825 790 980 246 880 40 771 763 
3 774 30 227 484 701 116 406 487 973 191 74 68 770 828 591 436 983 721 345 
417 236 602 158 179 429 348 449 152 446 933 326 996 579 419 407 393 180 869 694 
896 673 703 771 217 770 610 865 360 339 659 348 816 438 611 478 772 41 735 539 
916 65 840 185 429 759 597 19 820 194 376 872 556 93 319 743 790 595 628 670 
808 760 335 44 513 314 818 996 20 872 285 899 675 969 627 283 822 177 628 153 
156 831 405 755 50 602 285 974 722 933 242 279 389 920 67 41 411 882 135 703 
210 948 46 650 262 695 181 453 336 9 16 167 50 268 244 440 370 183 147 720 
437 865 331 852 582 499 937 147 671 317 690 408 39 676 130 648 996 938 72 183 
75 975 258 622 174 679 93 984 149 828 48 972 152 470 689 133 812 719 160 977 
244 491 291 575 74 168 945 789 454 91 851 777 246 572 984 118 759 402 672 488 
963 378 499 460 107 452 323 522 839 654 15 116 571 205 498 20 828 689 803 401 
308 705 750 658 466 143 891 454 990 701 77 483 955 448 542 182 566 211 993 2 
902 919 384 580 652 954 551 911 685 742 545 851 413 28 985 908 758 808 44 472 
378 999 461 80 750 198 352 570 815 76 603 447 41 139 978 729 510 627 907 71 
668 912 377 708 722 236 220 421 787 536 801 210 460 952 886 742 307 636 169 866 
169 838 577 79 546 553 341 355 889 574 772 910 977 325 341 45 906 666 104 518 
625 534 123 981 259 840 98 822 531 547 833 741 194 914 788 11 38 177 849 217 
399 541 500 954 685 423 539 971 198 349 963 103 983 858 571 297 592 408 359 560 
429 490 480 674 19 182 786 706 552 571 710 652 61 504 425 620 272 957 213 265 
85 782 878 431 214 877 768 477 835 559 383 548 955 642 614 810 491 684 108 982 
758 376 500 892 534 61 637 907 625 224 129 510 80 315 841 416 77 966 705 507 
315 893 560 194 162 186 107 869 786 156 275 309 272 775 860 745 655 46 134 705 
273 63 425 489 719 534 61 552 741 117 904 177 456 171 268 865 52 386 592 235 
570 261 717 744 815 497 724 683 595 451 902 788 152 394 300 259 329 183 264 224 
13 563 556 248 636 847 98 211 497 50 603 99 297 590 852 463 515 580 701 754 
8 890 140 517 69 682 90 844 494 468 92 168 110 151 845 448 556 308 321 70 
8 531 205 855 447 666 78 298 907 146 160 669 878 517 960 372 240 702 659 4 
823 455 631 8 119 737 859 545 411 863 731 331 274 28 367 397 989 166 477 897 
168 323 603 949 142 339 761 953 58 238 471 538 180 976 955 951 537 257 750 506 
719 754 263 73 622 981 815 126 218 4 575 563 881 317 831 546 296 293 89 748 
787 690 358 680 988 717 119 862 36 192 502 805 952 148 605 658 485 447 183 410 
919 716 422 417 503 650 245 452 627 778 239 596 98 3 448 700 928 832 91 957 
159 101 163 184 143 142 893 636 7 489 398 120 900 532 209 771 433 154 612 626 
912 122 956 691 304 896 237 607 936 168 822 804 90 785 685 588 348 759 479 144 
971 251 219 634 528 150 880 985 176 899 995 766 951 45 430 879 124 402 285 841 
507 734 482 91 191 426 548 233 414 487 164 670 498 422 544 62 124 657 595 75 
644 111 292 838 870 732 606 824 919 631 984 418 393 697 454 394 460 450 64 302 
909 438 498 126 187 0 28 485 871 302 426 408 924 485 766 779 752 294 340 848 
689 473 95 553 603 921 570 408 769 897 146 485 731 189 410 472 743 300 463 23 
138 332 965 242 744 334 745 29 235 3 473 622 377 896 672 967 937 734 879 414 
935 46 840 972 262 475 652 91 277 175 473 996 389 619 484 415 938 977 157 995 
752 828 291 937 263 643 373 580 218 89 875 812 877 793 188 924 678 264 585 184 
542 259 514 459 807 963 471 888 47 814 762 359 686 896 67 474 573 538 220 888 
295 633 271 426 460 42 132 773 412 613 87 607 697 567 874 277 136 629 863 44 
490 789 384 535 285 567 522 729 168 181 767 51 272 479 531 128 652 9 450 150 
687 345 488 568 775 820 441 978 378 40 578 317 785 159 983 676 519 58 591 622 
19 20 700 501 811 129 264 677 828 991 445 961 752 908 331 395 520 120 399 130 
322 316 985 25 700 723 279 670 378 48 889 656 572 280 773 941 299 785 828 490 
541 828 92 612 111 447 839 303 779 349 300 269 251 202 669 377 36 362 665 909 
878 681 554 457 843 729 569 740 446 807 32 31 982 134 129 248 291 569 990 325 
273 931 297 435 234 209 428 933 841 730 291 520 596 726 633 767 561 445 272 610 
453 17 901 956 216 143 195 445 381 738 207 149 665 601 836 403 138 705 744 605 
266 565 446 369 827 414 390 683 790 358 130 159 543 633 442 969 715 558 690 123 
188 418 594 815 28 175 502 222 81 755 615 193 336 611 251 590 197 137 840 724 
73 635 759 802 501 335 806 198 126 468 150 866 81 466 775 19 769 477 408 372 
439 886 419 616 786 226 120 520 47 215 145 228 522 525 71 925 830 961 435 354 
969 968 711 761 452 665 286 505 9 180 32 373 149 786 587 915 457 548 607 766 
283 433 752 882 427 586 114 646 363 49 680 270 405 234 37 937 180 264 647 440 
972 730 456 481 403 304 695 714 828 257 558 906 833 966 253 797 249 461 464 590 
651 526 109 898 770 450 696 722 473 902 58 577 825 890 823 687 648 214 303 525 
324 343 959 786 113 687 225 902 327 27 601 117 807 785 42 78 39 417 784 180 
492 915 239 556 72 497 108 952 893 527 187 748 473 112 553 223 330 627 458 781 
403 14 766 322 199 377 943 233 829 478 766 646 493 567 54 137 699 401 121 276 
633 872 571 598 978 411 988 306 252 50 729 601 93 693 333 575 754 318 796 909 
163 217 168 426 219 51 888 663 255 529 805 859 157 347 895 485 183 169 976 320 
368 844 726 420 958 416 511 442 352 784 265 304 938 371 888 558 439 254 803 136 
239 122 632 173 777 207 47 863 74 89 61 60 958 594 122 412 430 544 573 532 
971 344 230 203 994 147 116 123 945 456 312 906 16 963 674 425 828 637 667 77 
40 187 619 588 93 579 571 338 812 516 157 885 73 797 787 510 274 601 182 401 
551 402 912 446 901 148 603 793 670 515 75 358 116 791 858 706 102 239 643 382 
121 84 201 581 378 872 248 248 899 334 708 176 868 763 313 580 308 317 923 723 
152 883 40 292 508 774 354 644 568 943 656 544 476 545 776 667 167 687 606 563 
628 489 152 199 990 603 909 251 62 423 971 632 218 477 312 813 528 319 211 211 
636 754 148 711 638 738 481 465 743 60 603 949 629 58 337 263 806 219 843 61 
394 961 913 208 763 959 92 746 665 923 205 414 705 432 566 893 310 351 286 493 
899 503 433 559 712 42 150 360 995 66 170 656 176 508 750 106 12 923 565 35 
47 856 105 231 200 362 342 216 301 312 758 312 987 454 734 361 323 984 313 986 
726 992 468 877 458 414 82 719 909 889 361 976 977 241 813 444 801 390 659 393 
595 166 529 914 846 747 596 747 550 44 145 909 726 846 224 148 621 113 110 712 
725 535 794 753 864 971 835 270 515 63 615 560 47 464 63 98 109 678 625 924 
426 390 566 97 212 98 910 477 764 813 328 483 452 775 927 365 291 256 969 197 
534 82 521 668 458 839 424 98 967 237 575 221 855 503 792 21 423 919 446 527 
853 800 834 632 411 145 272 5 715 846 617 449 684 313 673 559 963 234 276 952 
565 810 949 390 844 406 639 426 928 402 968 84 496 908 323 801 642 643 556 913 
535 808 545 754 202 83 815 959 643 601 811 365 606 476 699 231 881 972 524 488 
15 109 596 282 478 281 322 596 512 663 957 753 24 515 51 39 195 649 372 181 
217 276 125 81 587 476 993 200 560 80 461 191 763 455 362 378 687 605 193 131 
878 596 866 773 326 889 566 273 717 657 54 889 46 68 611 115 492 281 447 873 
111 922 763 719 741 856 51 516 954 114 127 20 851 923 659 340 296 930 818 392 
152 989 718 939 129 400 259 149 96 219 893 409 174 538 342 759 612 889 893 655 
752 119 148 848 872 890 856 944 358 644 670 604 373 917 436 466 411 704 662 669 
968 618 147 625 798 209 943 736 993 521 337 413 424 245 648 934 101 372 33 191 
185 889 516 549 44 639 33 31 172 493 941 364 395 199 937 689 438 62 444 346 
827 953 280 524 723 891 547 872 25 166 143 578 481 296 883 674 852 821 243 546 
635 358 118 194 994 609 511 353 655 537 719 717 547 543 600 845 577 1 669 220 
852 538 656 416 198 810 364 860 742 519 556 43 897 131 515 87 868 193 30 561 
721 315 310 785 377 813 91 816 17 135 598 43 583 911 725 675 391 453 613 795 
449 251 138 138 229 261 819 242 914 221 636 536 243 227 59 453 28 747 63 764 
19 326 590 141 242 405 487 673 524 27 655 599 966 931 143 639 8 971 781 829 
52 127 922 695 6 809 637 826 308 719 278 139 432 989 661 586 412 765 988 619 
934 644 114 432 76 935 170 865 553 29 219 750 457 271 465 270 969 749 316 585 
978 339 407 507 744 548 964 881 630 502 30 73 901 959 142 653 820 29 35 865 
57 284 316 182 97 243 287 149 429 208 968 72 590 70 642 789 850 740 713 804 
759 216 627 947 808 940 260 128 798 983 769 735 888 127 856 269 198 261 630 804 
394 193 760 903 256 145 623 793 823 612 957 169 920 276 13 809 983 403 354 991 
561 652 86 691 517 494 919 658 541 237 413 595 207 25 462 968 806 651 669 679 
607 757 577 689 257 905 562 42 860 637 610 347 757 125 449 837 593 401 185 735 
633 777 307 233 692 31 210 585 635 372 86 726 17 77 820 420 937 791 708 687 
813 545 42 36 524 185 2 396 171 641 934 618 535 883 666 319 474 155 202 115 
389 556 394 335 581 790 997 313 921 319 26 904 554 807 36 401 19 8 641 945 
948 853 510 932 570 786 593 805 425 581 703 654 508 612 327 27 164 655 254 898 
888 495 844 437 508 951 271 524 197 698 174 180 259 918 625 37 848 343 104 995 
984 878 577 266 690 107 302 904 574 745 566 133 847 330 634 918 203 978 563 219 
264 824 394 917 81 562 56 28 505 873 967 848 768 85 56 287 652 306 719 494 
490 907 508 251 293 453 924 98 110 40 255 575 452 345 307 860 798 59 641 275 
167 624 630 678 568 91 669 252 141 167 426 679 1 605 490 220 283 962 386 851 
37 759 829 880 18 453 602 528 737 761 589 112 15 772 757 379 281 94 774 738 
690 44 24 153 834 544 751 744 128 344 676 167 505 609 60 461 10 197 256 99 
26 794 709 844 259 654 996 504 979 72 869 57 326 753 255 37 894 274 131 798 
629 319 898 855 138 373 92 80 963 624 851 867 42 64 103 815 827 69 675 725 
141 849 744 953 399 268 385 803 188 126 534 791 682 0 141 682 736 380 901 303 
974 174 493 713 497 859 709 105 511 210 875 297 351 487 257 514 213 495 588 275 
669 505 464 940 134 426 171 698 970 964 527 131 394 448 268 940 278 705 366 993 
286 731 818 134 139 668 166 723 401 802 562 165 393 597 258 659 394 334 741 605 
688 615 611 604 600 45 410 670 914 444 673 33 224 218 17 962 670 847 993 606 
851 947 146 536 359 433 82 868 893 386 820 228 611 525 623 730 991 189 670 141 
573 764 600 279 118 879 897 702 987 25 161 921 242 388 931 342 440 53 705 993 
88 408 822 511 635 501 636 20 224 265 711 482 830 359 946 756 552 688 864 554 
536 281 390 165 975 972 727 117 379 810 192 656 690 456 845 750 527 663 555 187 
283 656 951 941 669 239 343 991 133 711 8 910 709 7 0 105 777 316 21 54 
401 903 277 290 436 440 271 361 463 371 578 520 103 370 485 118 947 723 791 250 
262 780 168 745 467 604 375 711 633 355 285 160 297 540 921 527 622 274 862 879 
797 370 811 968 949 880 161 965 696 212 818 299 826 581 863 388 482 318 499 453 
550 793 207 869 268 242 757 735 263 493 665 729 215 643 884 758 340 48 507 857 
587 112 88 644 274 268 831 823 65 943 724 540 793 727 155 195 226 608 480 786 
936 330 872 151 885 22 799 849 285 204 499 988 933 682 329 523 541 456 23 850 
632 47 930 220 186 179 249 275 418 14 81 55 240 712 195 41 544 116 387 472 
887 68 97 668 453 183 101 680 356 850 375 693 313 813 133 173 40 103 289 133 
500 917 458 655 800 263 490 183 871 611 543 60 971 359 710 865 508 729 565 829 
239 921 503 160 569 433 646 583 460 147 291 377 538 548 266 435 959 464 901 408 
188 974 533 317 152 885 728 597 98 975 943 953 197 765 471 178 579 643 147 673 
805 886 488 735 1 451 65 976 158 793 484 742 220 746 684 915 303 454 992 71 
166 353 596 771 263 710 95 28 621 260 381 332 996 56 94 590 236 18 479 137 
324 660 743 255 569 785 156 30 88 35 791 78 992 144 645 972 28 941 639 414 
383 179 925 24 440 321 471 679 529 882 428 205 410 97 934 212 779 954 477 341 
426 755 627 763 34 403 344 284 341 409 48 856 194 536 489 877 570 578 33 554 
504 522 736 43 160 367 993 924 730 966 471 498 798 670 990 926 921 498 783 99 
537 922 16 226 558 84 547 827 378 578 806 959 498 195 755 180 573 126 609 361 
476 307 330 651 171 69 278 183 392 110 649 152 49 753 688 819 850 582 474 9 
575 305 868 222 951 236 205 184 674 262 380 609 20 316 310 225 538 631 181 805 
356 694 157 76 260 333 657 516 855 638 173 65 201 903 445 22 942 525 638 591 
742 56 123 341 696 334 268 307 682 196 762 186 600 554 429 544 115 559 729 318 
764 869 686 369 786 213 744 928 264 254 439 440 386 947 175 117 249 787 122 331 
412 301 836 300 850 770 880 498 582 485 930 342 410 737 116 570 879 467 956 861 
44 392 54 277 933 839 246 385 598 642 929 623 24 945 205 780 938 735 526 546 
884 329 498 831 497 717 631 516 59 591 187 394 819 986 69 612 504 565 570 177 
303 411 506 88 141 752 348 842 106 152 215 874 38 770 891 608 440 894 767 326 
460 747 292 154 68 164 362 462 11 884 58 412 566 455 571 294 876 810 193 589 
767 502 859 328 315 649 244 688 991 366 660 857 938 182 807 188 608 295 647 579 
853 716 374 363 457 909 142 617 596 904 652 479 211 112 506 798 780 733 676 368 
79 772 206 702 910 913 20 663 430 362 770 218 990 677 93 422 760 685 602 632 
998 673 621 854 366 86 268 674 521 718 757 136 272 368 741 419 48 810 131 564 
704 357 341 605 104 312 777 869 364 544 630 421 265 294 140 411 568 840 553 548 
113 765 806 296 545 651 362 376 815 212 93 299 699 121 871 2 968 860 433 800 
796 788 276 566 606 261 770 198 95 335 906 518 692 425 55 39 283 964 531 375 
931 148 536 860 97 501 167 106 81 186 821 502 530 268 419 388 252 608 517 686 
798 610 701 950 419 410 952 679 741 428 777 486 374 812 77 590 986 193 639 885 
729 921 613 313 139 141 3 943 460 687 70 629 467 481 379 414 710 432 929 878 
816 473 229 751 678 555 781 259 630 669 294 578 456 785 465 991 377 881 340 22 
278 385 638 737 303 77 981 516 236 828 635 421 116 613 613 248 403 193 694 449 
627 714 436 859 367 730 482 113 868 503 38 923 241 678 339 771 377 605 609 297 
998 397 628 748 584 368 723 721 598 471 777 633 292 423 505 438 54 637 750 142 
412 568 841 444 214 310 743 379 170 49 737 604 483 563 989 346 572 104 181 492 
870 292 743 635 271 205 469 228 900 313 38 432 679 483 789 354 12 114 704 97 
801 474 900 719 436 983 478 129 610 735 981 312 316 488 751 934 156 474 201 949 
314 958 99 917 520 896 522 925 780 152 688 812 335 951 1 192 161 240 72 359 
95 949 410 204 592 356 176 828 949 33 99 217 191 773 899 423 421 303 281 165 
685 955 213 766 171 400 474 80 217 79 193 653 70 280 124 697 609 815 612 499 
983 151 932 992 524 813 88 891 511 281 600 585 616 136 713 317 886 54 886 175 
188 170 251 747 285 42 842 751 536 17 330 20 77 718 533 665 256 366 64 620 
557 877 384 435 789 313 67 250 696 152 869 469 452 115 868 265 292 858 654 134 
100 506 122 815 612 629 100 365 892 881 909 257 503 523 370 697 675 261 139 861 
760 782 655 762 870 745 582 950 892 897 175 581 518 291 156 660 687 628 131 260 
960 733 149 873 167 660 124 92 771 453 9 405 806 808 540 285 101 981 448 363 
453 405 157 566 798 539 888 450 268 4 488 950 475 226 834 357 771 807 48 612 
828 984 973 492 508 407 188 79 822 742 202 489 286 177 416 63 739 347 454 739 
963 52 101 843 549 361 923 718 947 796 908 448 159 950 7 776 711 834 791 616 
508 108 795 661 575 778 137 17 861 738 206 893 789 684 264 778 479 297 824 617 
968 468 2 601 563 839 71 874 602 122 213 872 349 88 397 802 450 394 30 411 
13 432 944 169 170 356 803 868 889 890 465 305 513 510 993 968 633 68 573 450 
75 613 79 95 633 616 623 255 372 448 712 663 299 541 452 711 169 533 445 729 
427 156 686 380 136 154 145 787 985 748 138 592 362 965 147 500 602 559 305 179 
752 444 560 459 78 178 195 246 491 295 214 945 995 808 311 868 562 176 18 962 
258 152 372 435 872 610 474 41 589 474 492 623 636 967 852 761 503 310 387 392 
247 728 966 836 524 717 844 607 393 665 76 439 580 246 564 308 957 826 717 940 
116 315 214 523 712 376 165 959 982 369 157 115 958 770 157 993 732 988 309 558 
173 788 775 361 408 696 219 124 536 439 130 390 567 265 416 399 309 575 676 254 
481 716 386 504 16 596 843 746 596 580 875 336 782 722 243 679 454 790 55 376 
474 281 803 86 46 132 26 659 163 317 160 509 459 638 632 535 220 766 376 621 
115 685 460 143 810 722 904 10 685 46 10 219 274 798 655 694 448 957 189 294 
417 361 688 398 626 119 209 535 546 81 244 955 81 423 433 297 188 588 246 10 
94 146 467 924 849 216 437 916 925 171 263 721 856 547 702 559 791 768 108 954 
843 188 463 283 8 539 379 8 554 200 893 302 465 465 793 882 750 71 967 121 
422 902 289 173 903 28 241 369 713 192 769 822 599 512 186 647 501 544 328 65 
653 983 534 552 837 772 38 302 170 673 196 21 139 975 828 535 159 731 873 476 
713 391 615 596 477 787 395 821 659 806 66 919 868 136 919 622 810 530 233 584 
709 952 140 992 835 837 583 514 327 896 302 960 134 294 56 84 14 63 604 319 
832 390 519 601 295 171 169 345 705 435 626 944 374 843 879 682 991 168 241 5 
56 611 64 476 809 523 643 910 153 700 995 923 700 822 905 262 600 217 237 593 
402 272 145 718 278 595 861 706 414 577 244 183 866 973 527 346 129 865 448 889 
247 832 282 617 128 793 815 943 157 873 138 742 36 55 702 129 12 998 598 721 
633 63 175 417 684 621 355 160 511 797 991 654 288 445 7 427 612 380 361 37 
446 355 487 600 768 499 425 522 737 926 202 583 735 858 370 659 311 44 348 15 
859 729 240 726 675 763 852 575 831 665 871 821 892 888 502 246 549 705 122 825 
556 795 849 652 833 819 381 213 258 272 138 511 636 996 611 743 681 624 24 559 
26 351 585 162 254 775 694 33 356 243 353 622 446 332 84 792 295 32 440 38 
374 115 189 679 331 94 41 929 753 414 867 73 228 839 495 810 6 864 711 513 
885 304 127 81 558 809 281 602 512 212 531 912 914 461 262 361 919 752 840 934 
980 524 20 622 958 456 809 871 721 83 264 742 927 80 130 257 917 274 114 652 
901 300 550 801 311 509 483 595 937 553 609 220 857 731 493 909 296 994 647 335 
153 137 131 512 762 388 803 328 955 160 621 780 437 402 145 722 637 467 350 694 
176 82 861 908 753 282 357 608 273 101 649 315 694 809 455 886 695 507 267 52 
279 370 444 563 817 781 644 579 603 159 885 938 453 545 90 935 443 41 748 197 
553 194 135 506 608 892 444 897 286 645 392 614 602 424 517 312 528 397 359 395 
561 185 482 110 608 384 242 426 112 648 475 589 218 544 106 262 869 793 139 82 
654 403 964 781 43 83 146 845 83 907 819 316 273 458 596 500 504 662 243 792 
120 56 568 968 209 119 616 517 24 160 714 174 944 844 750 907 667 490 465 712 
553 894 230 372 136 666 818 594 29 676 703 399 394 760 732 22 425 120 562 329 
327 25 874 720 788 728 733 766 106 29 676 434 963 566 786 412 497 575 270 921 
864 113 213 897 111 569 967 638 87 370 897 175 674 661 691 231 841 208 347 488 
471 164 578 803 433 900 893 940 34 267 671 977 409 589 813 588 246 369 106 978 
142 621 251 818 67 651 534 418 87 363 7 550 210 672 339 115 34 959 641 812 
835 365 109 762 160 953 759 433 256 58 347 704 92 90 938 441 447 659 673 34 
231 737 809 555 716 872 655 866 167 575 868 771 701 38 968 243 331 908 755 439 
700 612 188 681 465 920 789 579 633 126 142 335 1 34 65 990 485 629 822 823 
255 437 96 146 231 533 232 662 933 390 257 504 315 317 259 813 814 879 548 889 
614 107 875 9 684 119 839 926 956 118 272 723 211 464 828 154 507 874 253 225 
228 263 865 178 941 7 722 971 947 736 174 380 257 362 338 783 825 87 107 325 
442 363 965 342 971 968 248 128 478 165 143 413 40 784 467 598 593 57 104 997 
927 418 381 713 832 804 130 891 223 427 61 265 662 860 462 656 798 958 524 527 
971 55 686 674 683 672 95 252 463 924 532 769 915 477 792 139 19 584 146 995 
471 785 877 946 209 490 921 377 676 136 40 390 751 735 195 191 26 808 533 284 
617 607 432 904 254 233 15 256 371 934 652 800 185 44 948 154 387 372 103 256 
614 369 628 412 693 477 348 422 664 766 13 422 988 650 595 218 385 399 106 90 
384 398 207 746 236 473 344 328 67 474 297 478 180 678 336 642 611 562 891 21 
514 52 216 281 691 142 877 799 236 78 873 711 889 297 507 8 56 42 354 259 
65 309 925 267 429 321 660 248 425 653 398 685 987 330 804 830 12 786 502 470 
990 839 269 384 663 798 544 500 567 646 251 860 606 932 13 47 210 177 80 750 
232 886 815 310 513 726 659 693 575 758 990 560 159 712 764 652 889 846 910 404 
710 109 521 395 554 711 343 50 394 358 525 324 768 246 380 832 84 762 571 542 
949 850 229 134 976 587 511 21 856 928 797 337 224 416 798 16 877 95 373 172 
110 601 369 193 176 28 471 618 181 654 854 705 342 631 939 989 465 352 647 41 
28 612 694 955 98 14 536 994 253 771 86 348 46 641 741 542 473 536 991 77 
76 312 499 165 369 980 137 432 209 518 218 154 276 10 223 418 887 511 33 955 
237 43 833 251 609 70 682 836 850 691 211 585 528 42 713 955 750 89 741 966 
745 293 794 685 576 547 73 85 629 443 872 641 19 760 32 521 535 945 214 960 
908 420 5 22 626 611 154 764 151 695 200 670 937 349 853 781 618 422 997 590 
620 275 853 149 199 777 698 838 50 17 579 157 350 731 540 4 945 716 461 629 
874 845 563 521 904 750 397 777 191 683 113 531 485 934 920 231 18 334 447 81 
399 198 232 250 57 408 352 883 86 212 490 713 863 131 476 303 790 489 568 824 
498 155 607 781 336 973 305 990 892 143 191 868 393 329 308 254 317 852 809 282 
440 883 777 63 703 690 189 536 532 22 32 427 144 973 29 411 308 175 384 116 
340 301 442 853 558 409 929 466 289 166 111 26 656 977 842 310 385 273 476 708 
786 427 364 747 380 817 229 303 330 716 53 951 827 375 80 661 982 438 662 606 
310 375 523 443 406 135 885 743 78 104 19 42 535 786 124 61 324 216 654 999 
817 468 120 192 920 550 50 116 10 504 827 746 355 974 675 901 153 692 626 466 
286 24 793 803 20 802 320 236 808 937 583 853 514 464 145 423 132 320 590 850 
778 696 656 77 273 539 264 431 618 913 698 239 224 880 374 687 504 876 712 255 
769 828 434 183 885 967 368 43 847 655 613 462 677 261 365 913 855 958 354 875 
544 989 715 941 981 136 633 430 508 103 972 757 783 586 614 509 185 98 246 646 
88 443 792 289 891 840 850 916 766 432 306 271 700 40 974 806 516 497 116 736 
111 971 756 967 601 145 203 929 230 975 217 102 288 274 397 635 94 72 527 871 
310 168 78 932 645 882 756 648 734 745 358 812 114 200 168 997 616 292 577 969 
790 112 171 244 286 358 838 612 515 221 724 450 198 990 232 370 428 492 323 244 
411 978 800 836 413 903 297 775 859 584 176 663 958 181 674 184 562 447 49 764 
413 247 986 676 550 731 391 137 657 773 621 882 962 604 944 254 855 351 909 420 
771 895 344 777 857 84 48 458 6 299 336 139 530 39 607 695 128 70 778 752 
195 325 40 273 747 574 591 19 849 816 525 637 200 176 185 352 324 119 59 953 
144 60 298 824 402 412 28 1 97 695 219 240 162 908 726 251 231 616 213 747 
594 195 578 715 865 923 940 395 298 278 693 679 144 881 438 572 358 878 210 979 
500 374 833 362 240 747 734 766 286 74 274 397 243 79 250 596 126 641 679 652 
433 479 381 994 583 691 790 175 982 878 791 365 782 188 108 843 362 458 640 587 
423 533 143 362 811 220 407 344 57 217 539 137 177 36 771 379 677 801 753 161 
881 243 629 783 338 760 363 454 491 119 699 906 99 424 250 539 35 603 895 377 
63 779 257 67 236 28 727 970 817 995 23 561 688 37 795 208 894 259 752 162 
841 436 849 499 106 723 861 558 675 67 12 997 963 536 631 930 639 624 329 950 
267 674 432 377 58 717 576 737 354 164 259 438 188 344 777 797 411 719 70 555 
514 684 37 326 746 7 599 718 140 223 337 697 933 244 876 111 672 434 710 819 
264 35 930 27 797 708 387 50 158 475 807 404 897 455 162 138 47 488 624 623 
515 617 263 633 892 731 315 4 233 500 148 555 573 440 718 641 724 550 264 160 
596 135 367 480 887 306 331 97 368 124 537 108 100 830 67 607 867 631 846 32 
702 459 290 868 644 796 335 192 48 825 974 384 149 388 341 126 109 792 704 685 
621 834 772 374 717 279 157 819 216 823 91 210 599 712 288 101 706 294 629 936 
873 410 534 330 112 1 691 191 210 998 353 37 663 82 56 125 985 307 389 285 
939 195 811 988 699 658 206 413 402 207 513 256 561 651 944 261 726 750 440 795 
327 334 638 640 686 413 485 33 774 954 372 212 213 179 63 316 35 322 860 853 
778 813 729 113 30 283 349 27 566 259 444 257 155 207 295 103 289 681 219 274 
517 421 160 393 86 824 37 419 430 423 746 589 290 10 623 667 920 970 715 362 
921 929 695 635 415 418 580 154 785 753 18 759 365 371 259 973 781 417 687 489 
733 145 577 677 499 470 369 350 432 841 852 587 950 239 177 23 315 997 197 873 
285 338 474 673 566 628 619 749 163 326 635 222 815 64 279 989 141 407 977 794 
557 415 622 446 918 446 314 718 622 834 299 227 382 694 779 400 554 409 178 340 
199 232 35 49 805 685 997 284 127 583 53 670 8 676 803 498 569 117 290 288 
361 817 252 537 540 620 421 596 855 697 854 17 570 126 870 372 622 975 92 979 
242 373 503 852 57 1 385 425 750 668 426 501 579 688 409 12 94 996 24 885 
485 564 481 171 59 8 259 397 212 526 370 307 141 394 366 250 231 997 578 561 
950 755 568 933 349 961 267 442 324 479 277 163 253 315 106 547 395 494 620 997 
772 931 857 385 425 573 746 209 619 896 37 827 832 115 469 823 766 4 376 739 
616 268 162 293 223 413 529 241 642 209 968 84 296 405 23 456 565 454 579 112 
28 626 938 31 165 563 178 988 719 879 434 241 527 179 337 644 250 18 230 237 
343 856 383 73 32 92 326 879 442 54 401 313 827 580 65 565 428 923 573 908 
584 884 352 98 260 269 448 552 678 450 905 639 843 684 81 814 19 369 669 365 
344 235 44 666 640 773 26 708 206 636 136 335 528 403 794 816 188 441 817 393 
180 494 466 670 965 252 806 961 554 3 171 747 430 943 476 532 882 454 37 397 
491 613 945 292 512 818 567 553 26 607 290 742 916 557 505 139 638 664 670 139 
493 690 402 745 269 362 497 471 225 30 602 617 914 150 610 773 983 443 769 821 
196 528 317 681 302 280 134 510 965 104 618 172 643 54 913 663 836 755 435 315 
366 69 137 238 284 552 410 736 181 981 407 254 226 275 945 792 81 462 145 367 
923 765 424 691 908 184 936 692 516 2 291 400 793 835 42 788 512 433 153 182 
372 833 705 371 821 160 286 396 717 63 10 342 663 686 697 298 681 559 687 146 
564 919 823 797 481 521 934 381 223 492 479 311 610 325 103 739 325 880 52 781 
235 275 954 794 210 451 414 327 378 588 598 455 413 243 160 779 967 14 875 479 
608 198 396 827 903 252 257 887 721 138 555 274 915 147 415 597 764 189 77 851 
206 374 549 404 599 949 799 426 43 594 146 204 340 337 976 937 892 259 272 623 
402 950 403 405 60 958 514 813 628 571 560 446 630 485 869 897 369 325 994 250 
291 774 244 258 426 236 891 355 633 764 2 947 167 876 572 204 231 684 588 323 
819 117 101 424 369 577 868 725 307 740 675 803 18 457 344 1 819 72 877 759 
277 270 680 442 921 325 870 976 315 158 724 662 688 124 470 600 472 843 75 498 
942 337 761 604 622 707 373 611 575 27 38 798 233 49 595 277 48 944 937 457 
689 211 153 952 532 431 34 528 475 562 699 246 674 572 611 911 992 589 477 918 
925 367 542 927 164 998 177 45 731 997 477 423 216 835 861 967 518 190 296 726 
401 14 930 354 311 214 579 250 503 22 943 108 510 132 389 804 527 940 380 688 
634 757 331 385 857 950 815 301 223 634 522 755 138 104 178 790 67 573 920 350 
628 390 346 483 609 209 180 819 801 163 530 734 527 343 633 592 292 869 127 968 
863 770 111 374 760 967 297 946 33 812 186 978 326 774 176 236 607 494 577 869 
955 116 245 369 351 652 352 261 992 904 428 568 829 918 295 849 664 131 593 29 
471 560 529 104 46 644 672 374 367 731 382 354 285 174 587 127 157 122 825 646 
453 989 32 55 386 942 370 714 509 53 353 136 285 835 701 198 331 171 986 563 
322 673 153 410 574 409 302 898 934 275 451 971 197 758 234 35 437 787 232 707 
973 652 81 484 21 892 750 237 678 216 22 585 384 687 124 909 398 286 349 224 
317 174 229 430 997 538 779 470 63 940 377 298 992 240 728 406 628 371 92 933 
911 805 364 577 32 149 286 458 823 963 440 1 808 196 225 253 192 817 89 902 
215 202 366 768 63 825 928 593 700 385 976 502 109 657 349 795 690 979 766 403 
238 835 199 711 87 260 102 873 372 780 877 68 790 147 589 828 938 112 600 620 
237 125 480 128 609 884 223 615 424 946 990 126 526 147 2 721 243 598 123 994 
617 770 231 751 20 665 39 928 624 196 40 646 111 400 285 498 538 831 219 533 
703 361 517 443 821 613 369 54 468 987 82 288 336 60 760 625 80 492 541 322 
921 638 832 488 905 720 368 38 49 233 553 628 642 313 203 212 587 104 876 783 
129 282 210 699 193 384 982 480 18 370 517 931 655 925 937 314 771 215 839 674 
549 523 586 173 222 201 736 488 777 724 243 404 235 115 963 138 339 872 706 229 
59 357 457 715 671 937 369 644 574 325 108 838 239 59 732 488 374 273 172 598 
599 434 175 997 737 198 701 255 255 348 117 672 531 589 679 370 76 786 521 886 
282 264 949 164 575 363 785 781 896 785 631 607 820 425 54 529 156 20 849 968 
676 562 150 657 473 976 641 327 764 209 74 567 38 794 436 555 572 186 288 380 
997 306 833 315 232 50 785 321 956 380 429 166 827 196 956 991 30 744 790 755 
423 941 82 33 395 291 776 418 966 137 0 732 524 483 563 26 117 355 185 582 
776 159 298 472 491 626 369 532 986 196 13 327 462 574 890 586 8 601 473 362 
54 55 363 406 965 973 203 11 313 782 284 334 592 11 608 552 477 386 740 22 
300 645 728 449 81 165 755 810 710 958 630 35 924 708 800 323 754 46 738 816 
148 235 868 793 326 674 416 500 617 174 796 326 572 482 182 265 807 465 916 715 
740 65 185 53 616 25 951 520 656 216 217 951 511 312 863 993 767 660 72 685 
230 685 323 428 43 411 223 425 121 618 60 124 979 779 673 767 496 861 136 696 
386 611 518 433 545 471 719 84 886 559 762 211 196 704 480 431 129 449 299 311 
294 1 861 284 947 426 462 266 727 536 195 594 526 133 123 14 652 935 331 340 
520 509 268 918 653 14 179 793 349 618 922 45 159 845 438 28 571 417 985 679 
187 994 344 381 836 464 111 717 789 321 507 687 152 190 440 918 294 559 548 856 
168 560 204 17 267 382 591 308 420 237 272 564 548 412 855 578 181 132 625 0 
174 636 343 869 972 592 261 290 770 443 932 781 153 923 322 819 731 236 872 428 
469 384 956 753 276 357 376 57 137 207 643 125 279 120 79 752 740 789 10 851 
823 467 585 688 49 202 818 85 687 728 281 115 335 969 733 584 88 862 307 810 
615 307 972 789 368 942 475 623 929 860 801 153 917 126 284 976 8 133 301 110 
758 337 266 147 41 344 900 591 731 349 33 716 704 359 556 496 495 660 203 817 
347 734 577 788 77 76 253 703 53 68 980 533 897 8 27 186 252 478 351 120 
738 708 848 9 899 836 99 414 207 300 919 559 513 882 418 548 583 134 629 275 
384 136 125 659 775 307 444 553 40 578 511 945 904 987 33 39 569 57 441 518 
70 46 495 729 52 784 700 960 738 579 66 757 307 776 610 64 625 805 77 152 
116 700 709 347 275 928 317 511 26 582 22 753 212 777 483 23 995 304 863 57 
871 619 670 29 835 972 905 60 166 923 6 6 832 213 568 109 459 669 178 785 
917 51 810 799 19 533 420 24 551 547 483 143 333 623 223 859 323 789 548 462 
447 87 992 725 949 492 311 289 321 578 778 37 834 185 909 840 360 50 824 205 
800 696 201 722 269 886 495 903 65 834 906 823 236 344 241 875 635 529 996 605 
749 413 956 866 10 247 719 796 438 761 896 855 461 248 719 570 310 168 237 632 
229 491 947 432 92 206 483 537 465 557 510 354 654 632 71 689 317 277 777 323 
938 721 285 916 430 241 878 662 881 622 881 943 392 992 238 310 367 346 820 215 
352 191 109 264 973 850 397 810 266 628 913 580 575 450 621 452 245 29 47 784 
198 327 306 316 769 346 413 988 670 131 646 533 688 751 577 335 897 148 725 421 
314 499 328 464 387 933 522 113 543 508 728 382 964 595 146 351 754 872 935 497 
865 89 263 698 200 941 66 302 947 765 223 530 253 99 751 607 598 9 515 969 
447 116 491 481 676 362 712 535 840 435 868 836 607 445 961 343 560 10 328 639 
594 101 115 568 50 714 44 913 761 518 112 142 410 911 734 769 85 261 532 942 
469 746 108 510 113 117 707 381 545 981 179 88 639 20 769 553 849 410 673 718 
452 692 272 406 67 653 691 973 272 851 350 298 185 525 384 527 783 652 989 682 
875 191 267 826 370 315 769 851 899 98 629 933 270 924 709 425 920 252 192 559 
268 389 895 148 244 804 254 95 648 823 207 934 141 286 608 69 866 169 451 255 
856 699 40 135 304 837 814 681 417 862 903 725 434 58 805 460 469 928 647 462 
156 568 209 179 576 996 283 768 232 231 832 373 551 980 97 940 201 448 659 309 
111 482 319 408 617 434 705 786 628 320 19 611 620 750 131 879 356 289 434 613 
827 308 374 700 689 485 826 164 866 236 836 796 730 121 536 48 690 557 203 29 
666 412 963 728 72 162 485 315 224 516 574 794 572 440 526 86 381 303 850 431 
763 305 617 983 873 402 714 52 85 164 588 518 95 717 133 35 335 290 767 655 
404 501 48 704 106 755 953 33 148 368 625 28 307 991 259 366 317 421 613 870 
721 614 362 630 906 290 787 725 490 785 225 187 225 452 30 775 166 382 533 94 
613 395 439 821 242 23 160 25 477 426 825 380 311 267 247 163 196 267 243 493 
176 756 788 551 191 585 530 174 672 376 60 13 113 637 412 568 337 360 777 927 
642 138 6 503 822 340 177 501 236 329 191 773 754 173 830 506 909 661 387 271 
639 417 76 117 88 432 265 374 848 818 479 393 812 124 716 895 15 280 306 918 
635 931 846 731 912 771 944 470 932 288 272 240 571 185 343 320 153 427 548 238 
590 214 312 864 322 497 508 180 905 463 233 268 248 609 96 40 593 910 707 673 
683 848 995 690 766 985 68 724 797 278 878 970 636 755 846 898 916 679 604 485 
301 658 5 64 732 444 588 108 230 647 141 235 995 271 355 269 541 585 907 482 
915 722 471 112 82 577 327 175 515 640 757 675 35 95 656 938 455 594 572 79 
582 965 488 398 107 332 592 825 707 143 500 634 580 574 912 410 47 745 453 497 
679 892 88 887 426 169 665 338 424 766 431 601 897 776 435 753 900 584 706 477 
630 821 934 876 199 194 311 646 675 554 438 782 607 793 779 454 123 965 496 368 
751 437 77 825 217 921 117 779 126 122 297 83 934 634 283 719 661 951 918 572 
135 388 644 536 140 945 848 755 493 733 293 251 30 401 790 104 836 934 192 309 
480 354 333 465 36 63 762 797 422 60 276 446 619 400 414 917 526 332 446 597 
697 184 184 564 650 65 683 62 74 514 691 295 763 0 846 488 376 514 644 164 
649 49 296 490 342 597 308 437 420 408 484 827 454 423 977 3 486 309 162 827 
44 50 702 577 486 93 469 448 113 326 343 157 614 991 956 202 545 987 870 730 
118 247 780 262 205 248 1 152 280 94 540 495 114 96 921 578 730 208 360 216 
271 992 260 303 767 733 599 44 491 202 788 779 325 928 445 222 949 389 726 411 
880 227 657 897 443 131 100 612 286 233 120 794 60 474 475 484 425 971 97 985 
701 571 38 223 849 148 191 531 943 270 609 371 383 525 490 907 679 868 903 109 
51 833 574 292 14 659 357 394 855 177 458 264 487 885 740 287 209 610 330 981 
467 706 859 674 917 114 309 59 800 873 210 86 865 519 216 719 693 59 648 155 
423 904 522 787 952 793 534 547 798 562 702 867 824 977 826 846 89 436 988 466 
267 180 349 215 439 347 840 891 146 187 78 5 905 479 193 32 920 942 741 3 
879 332 51 223 343 523 616 304 148 243 461 671 803 517 633 519 357 382 836 823 
212 946 893 232 254 543 207 680 544 140 127 470 429 561 185 815 375 480 547 583 
677 61 570 492 686 3 588 144 916 303 662 37 524 936 951 86 526 47 436 147 
464 355 213 653 992 432 744 683 65 145 621 37 509 268 146 479 220 990 423 352 
748 566 373 323 202 918 162 861 952 255 512 353 111 484 432 609 55 674 432 69 
813 510 821 440 275 15 693 921 430 454 331 528 428 940 624 906 925 115 352 743 
173 975 972 721 942 886 966 48 282 93 322 252 505 493 346 154 88 767 474 842 
436 68 718 872 405 736 905 818 862 375 560 802 700 328 646 413 669 81 449 498 
674 507 316 711 128 944 310 425 628 763 427 770 77 967 442 544 535 346 999 523 
740 778 42 695 454 209 735 555 27 518 191 145 175 348 384 431 152 870 880 853 
822 859 711 737 754 679 806 751 313 170 826 525 776 797 270 733 762 362 968 548 
312 571 26 523 600 55 860 668 538 744 832 160 631 919 694 510 354 660 865 358 
643 225 138 63 746 135 164 46 593 76 976 528 309 547 697 522 942 147 146 878 
341 965 462 184 30 120 736 58 326 831 589 46 838 766 215 578 145 121 860 416 
322 646 686 366 58 443 164 684 297 691 472 20 570 557 514 887 796 949 334 157 
605 504 697 149 82 666 10 782 565 778 478 980 199 752 628 672 926 653 139 137 
472 60 672 560 328 544 948 347 648 439 46 15 920 685 589 891 966 804 1 659 
551 594 50 762 645 315 161 556 538 568 246 131 843 408 409 696 904 575 173 997 
483 701 265 648 791 80 649 314 259 372 501 624 975 913 592 370 494 334 476 867 
237 669 861 801 35 734 179 133 450 297 579 388 532 623 751 503 457 784 709 112 
601 410 190 135 428 848 873 300 682 353 367 957 464 203 272 866 472 815 78 775 
837 447 239 962 205 173 329 301 255 358 817 566 502 199 581 614 599 366 571 167 
320 996 921 146 914 274 519 703 289 738 497 333 961 527 442 741 83 96 885 731 
472 288 469 612 421 634 16 990 128 899 816 172 929 664 130 25 4 218 858 40 
495 903 967 953 511 899 226 406 856 447 445 518 957 456 914 770 220 851 137 927 
213 576 254 707 669 68 746 155 246 532 457 957 505 23 77 817 199 387 777 221 
388 362 559 593 349 206 542 448 100 603 487 825 81 916 679 676 571 1 193 601 
639 639 237 653 376 816 252 542 760 509 797 106 950 522 685 387 9 577 266 405 
972 417 137 819 210 135 169 711 379 261 120 161 208 123 564 985 572 620 516 552 
187 947 440 28 151 381 38 299 625 233 679 523 853 365 529 86 873 146 182 955 
407 499 381 139 0 801 23 858 964 779 957 239 496 308 537 149 847 246 738 538 
372 70 355 568 702 599 934 234 365 20 693 514 676 136 825 809 88 880 415 366 
528 716 264 962 494 129 903 443 693 426 200 744 218 377 552 892 816 816 224 143 
471 989 125 306 85 910 437 713 567 496 754 653 953 399 187 355 245 641 572 543 
57 83 674 61 388 905 508 505 434 255 799 429 534 518 352 603 935 636 31 132 
326 482 970 57 263 876 383 16 606 236 23 433 180 152 543 904 898 798 913 230 
205 469 963 212 691 461 229 103 405 138 720 314 741 829 510 192 193 436 501 586 
457 235 720 680 478 650 951 123 787 664 438 314 881 89 316 579 29 605 292 549 
845 89 985 11 747 993 502 868 48 518 91 368 165 420 39 278 470 600 178 372 
584 272 434 590 389 987 826 659 965 195 61 876 15 168 905 479 769 823 289 475 
380 266 771 244 659 202 876 33 853 410 105 276 145 86 7 242 66 419 989 244 
939 105 504 837 548 671 391 477 22 94 201 525 540 208 988 524 122 986 807 178 
730 960 138 427 45 728 404 110 887 650 205 934 414 206 806 304 716 670 885 198 
747 814 477 652 360 113 22 794 763 38 856 993 78 979 822 689 188 520 393 617 
701 487 170 297 575 994 365 37 734 246 498 410 207 615 877 839 9 365 752 604 
350 621 32 181 49 506 533 661 431 173 190 845 531 819 181 404 701 662 798 915 
155 863 870 313 691 594 73 725 831 122 660 10 602 855 557 800 898 589 712 680 
494 167 459 456 810 612 364 296 793 329 170 636 10 223 241 843 510 238 721 767 
345 322 753 110 567 861 104 488 593 893 629 818 48 303 848 235 841 308 913 517 
178 43 991 86 900 648 451 744 1 268 694 77 408 748 175 895 318 382 794 310 
208 89 926 651 558 380 686 86 338 499 154 883 137 549 758 202 369 697 404 191 
988 26 542 119 819 729 902 164 415 626 729 914 220 161 537 259 280 359 515 800 
418 15 713 410 278 518 952 112 600 779 836 865 622 90 570 244 19 903 975 222 
209 962 463 300 752 942 536 922 956 126 864 755 75 2 812 385 232 782 196 224 
649 844 619 182 80 660 763 621 88 920 800 805 845 221 763 124 97 503 290 727 
661 268 478 213 245 451 741 297 351 102 633 137 517 390 153 598 489 935 87 843 
513 44 850 688 723 627 612 393 426 764 999 427 417 758 11 559 735 595 923 675 
84 701 321 36 844 993 207 0 74 971 192 84 422 546 661 385 730 333 444 700 
313 190 231 582 345 806 873 297 226 513 310 13 831 427 603 457 605 771 611 550 
314 56 476 640 352 546 906 374 618 186 906 293 974 787 617 720 516 242 918 747 
574 829 990 543 88 129 431 592 25 854 799 142 178 638 21 697 711 940 319 408 
324 730 630 540 34 646 391 336 867 133 988 188 810 480 347 771 69 278 813 217 
895 754 801 177 962 94 121 789 618 937 702 975 576 901 160 928 525 860 80 200 
749 932 834 413 70 944 365 167 17 42 901 995 184 989 947 23 217 728 58 574 
994 520 453 531 197 100 792 995 118 143 117 814 379 793 728 943 131 15 628 708 
498 517 831 712 36 393 699 319 215 538 23 290 7 289 342 36 428 654 502 3 
358 214 228 187 692 27 853 808 481 29 552 338 264 496 723 966 930 342 51 907 
94 918 728 369 928 853 432 721 836 516 786 729 733 873 206 295 417 179 611 464 
943 633 617 273 933 930 377 550 59 290 898 665 939 259 797 293 133 130 386 787 
550 636 516 909 833 697 211 617 306 648 153 257 518 787 904 697 838 468 809 840 
486 239 663 674 401 42 838 429 247 355 934 402 882 361 85 559 197 341 4 371 
134 834 543 577 846 227 323 65 110 916 252 563 148 732 372 54 382 514 675 32 
694 301 939 6 7 728 99 886 463 542 639 275 933 761 597 9 973 538 155 34 
130 780 152 337 692 626 416 124 810 779 580 711 377 826 561 543 53 707 79 684 
216 506 773 786 65 150 812 185 590 79 209 300 77 724 406 128 335 88 483 710 
638 173 41 426 537 329 792 156 478 425 530 327 143 827 663 96 72 184 898 161 
23 522 427 527 149 874 895 25 772 830 861 370 378 193 763 25 821 987 760 30 
455 474 706 616 108 873 396 669 594 672 552 345 777 852 51 115 570 520 177 772 
36 108 438 937 261 494 896 475 590 54 353 317 491 839 9 702 617 322 123 400 
296 652 151 728 995 828 688 199 53 342 798 160 103 27 399 211 312 964 809 97 
4 101 596 137 575 199 590 91 580 632 366 227 793 326 285 192 926 290 778 189 
870 786 749 639 52 698 830 728 578 116 855 564 470 469 111 418 726 930 48 405 
781 106 708 588 798 286 299 271 529 391 824 227 84 158 5 543 372 314 580 528 
900 925 296 970 196 352 51 752 518 568 201 389 181 57 333 356 279 354 450 317 
637 825 700 658 480 689 456 793 262 609 634 154 373 527 150 227 871 717 705 770 
247 578 80 675 380 412 488 211 227 516 209 804 953 67 573 865 633 612 509 429 
723 633 806 351 350 987 879 369 519 76 191 841 770 119 165 479 617 571 23 32 
355 684 31 91 894 202 979 970 680 14 252 611 466 978 210 903 743 600 165 314 
875 22 694 69 199 280 152 137 540 86 617 205 6 464 822 425 212 328 518 59 
244 679 221 386 844 546 860 330 951 750 135 104 12 690 231 62 437 540 185 872 
207 214 319 384 173 858 701 103 66 852 926 725 975 855 704 388 849 787 534 352 
702 590 133 129 714 760 185 395 645 611 160 29 775 362 471 890 479 97 236 845 
329 494 931 832 774 183 901 135 112 997 142 960 678 127 487 901 332 993 3 150 
6 365 885 536 887 411 250 619 269 38 979 491 672 519 702 676 643 766 996 500 
441 710 430 651 116 369 204 286 698 923 735 677 497 603 920 977 981 88 432 666 
143 0 929 464 480 270 165 593 766 101 158 10 750 312 205 657 51 948 511 803 
749 169 724 761 582 284 738 520 977 433 162 633 28 231 537 310 544 636 385 886 
654 378 465 11 892 498 875 946 1 193 845 555 61 888 450 994 52 833 329 988 
900 494 110 854 573 139 464 227 761 511 955 364 844 720 518 733 598 205 680 454 
278 127 863 535 385 786 689 399 651 832 366 23 182 704 85 170 753 597 359 0 
434 945 369 339 359 708 830 298 2 752 228 388 219 703 437 319 114 878 353 274 
221 795 202 687 430 198 424 621 497 636 318 765 812 690 653 91 16 784 127 408 
880 235 887 462 416 263 119 907 47 261 650 417 87 930 707 93 589 264 134 55 
828 449 653 313 479 112 965 404 423 387 123 655 185 526 697 354 20 617 213 114 
89 38 852 597 836 603 203 545 546 663 214 519 491 922 589 790 194 357 763 797 
443 349 976 985 973 578 226 249 671 269 472 877 856 393 903 854 609 880 921 162 
598 769 802 567 790 409 404 458 894 417 870 296 197 198 64 229 475 422 642 530 
35 345 326 789 67 822 972 660 41 984 844 721 912 737 633 485 52 886 988 166 
850 522 406 891 364 391 978 802 563 98 714 159 566 207 961 24 850 134 665 62 
322 604 942 47 65 28 739 66 325 23 515 954 47 986 858 847 880 544 990 545 
519 959 40 758 744 375 239 878 742 144 351 774 132 819 326 922 273 420 519 70 
986 958 843 142 573 968 780 396 939 967 356 346 29 204 286 992 74 295 10 537 
687 284 767 314 713 405 396 946 159 464 439 760 667 219 42 473 691 637 859 41 
291 902 316 516 653 41 482 493 547 577 337 535 732 227 247 635 790 835 928 73 
756 793 563 674 792 260 634 44 305 703 543 487 944 284 789 185 592 991 958 397 
485 61 964 762 870 260 425 728 885 971 754 141 735 582 17 546 503 3 354 72 
192 729 417 479 395 210 914 903 989 885 176 576 693 209 618 992 965 447 67 555 
542 376 82 112 641 87 66 385 43 759 690 891 840 48 895 959 236 934 272 807 
861 635 898 637 237 719 477 121 288 629 471 810 97 71 872 832 193 340 502 167 
602 537 506 421 304 310 226 143 10 947 432 385 96 162 483 462 277 910 932 167 
287 29 68 231 604 706 300 966 288 918 485 371 468 40 722 8 353 706 490 217 
590 126 178 549 293 233 123 361 924 567 359 961 747 343 354 216 682 624 990 65 
389 244 8 215 882 364 634 810 858 508 832 867 103 281 974 491 389 624 609 223 
83 400 46 294 164 347 657 973 969 401 783 339 209 750 893 417 412 837 826 876 
404 533 530 287 166 915 269 594 495 960 567 599 682 52 801 239 137 666 137 912 
130 470 965 810 260 717 797 434 113 644 26 142 143 372 394 635 490 460 725 595 
132 639 684 315 208 88 345 524 675 163 90 479 84 726 810 623 533 432 209 458 
834 968 714 128 170 233 134 343 972 277 456 582 692 144 248 465 869 6 612 765 
193 551 572 324 311 993 268 346 125 799 984 953 447 386 50 474 222 797 992 45 
603 653 20 763 510 496 148 346 667 461 291 393 284 85 775 829 245 792 277 827 
771 963 273 814 79 936 715 475 210 127 806 412 632 36 731 466 258 497 102 526 
391 573 215 729 876 565 955 651 180 266 755 105 152 683 830 747 418 284 531 245 
383 295 18 83 563 107 812 370 553 794 127 773 92 391 502 750 72 103 968 949 
132 559 768 806 820 191 6 654 873 558 76 782 700 454 899 667 923 401 238 813 
883 579 375 126 71 354 186 478 152 124 503 317 142 208 899 672 197 872 217 944 
180 580 604 207 226 531 785 812 801 454 667 945 679 821 63 899 963 134 513 129 
501 595 310 921 274 908 412 568 654 580 479 760 562 336 589 527 432 534 148 134 
4 194 970 111 942 567 5 834 350 28 949 969 447 28 279 826 151 587 555 710 
197 790 640 520 36 970 22 568 967 15 220 984 133 478 771 166 920 945 315 948 
912 563 404 916 421 784 592 672 349 333 24 969 939 747 380 838 105 88 270 576 
119 839 905 988 348 857 838 928 660 324 7 761 282 659 544 12 32 230 35 531 
310 627 731 803 703 245 979 604 602 460 455 616 511 413 635 200 528 812 459 795 
690 919 627 528 188 933 944 879 528 814 454 515 655 412 268 18 418 155 781 672 
846 781 680 408 16 458 442 253 113 750 834 520 875 258 550 707 309 695 932 797 
796 529 299 471 107 329 747 847 187 893 498 170 950 212 193 256 841 236 190 674 
568 239 683 743 791 646 55 560 422 884 516 400 900 910 385 680 872 177 192 106 
219 420 370 196 514 536 762 119 603 93 344 337 845 311 871 688 581 466 184 552 
254 665 152 671 777 341 824 230 414 148 843 194 202 775 310 581 697 769 371 543 
325 149 430 8 687 391 12 771 870 878 344 883 862 136 816 481 3 214 559 945 
526 202 693 937 623 775 220 196 684 319 148 190 904 835 113 33 631 366 171 687 
617 890 543 561 790 552 164 823 97 234 672 617 720 388 644 509 682 546 678 114 
146 523 509 381 179 895 50 186 469 284 397 557 727 751 853 489 373 97 764 41 
684 184 2 773 299 985 818 671 220 298 18 375 84 948 782 252 863 153 335 516 
16 122 648 85 207 92 178 380 971 652 241 831 563 393 526 982 360 433 853 607 
717 15 714 827 217 787 280 826 540 673 594 38 880 551 406 863 10 18 790 682 
201 256 593 312 407 964 818 476 486 869 767 549 60 991 68 285 58 926 761 17 
505 368 282 42 158 171 61 835 960 16 257 43 239 646 573 653 296 617 519 831 
822 356 326 153 10 836 450 766 910 183 202 551 159 462 222 550 738 975 991 832 
288 582 748 919 748 484 150 447 485 544 565 751 767 886 284 426 735 701 827 327 
566 70 796 581 309 953 304 555 531 186 787 807 99 756 29 198 417 364 738 868 
334 322 564 283 746 843 72 497 346 51 999 758 378 257 413 611 636 691 247 321 
242 188 489 528 440 427 701 39 494 38 971 212 380 302 117 677 439 844 338 78 
291 893 366 819 721 114 215 961 532 763 139 80 294 294 352 955 232 490 197 107 
946 720 159 897 567 844 494 379 317 665 178 537 195 315 624 544 692 937 969 142 
724 874 596 567 208 974 82 96 266 689 11 266 301 788 136 225 942 461 497 414 
644 776 672 594 90 949 605 699 714 412 730 484 116 735 138 24 223 399 366 615 
815 545 9 652 880 545 645 854 266 368 292 238 942 275 116 88 879 204 437 254 
468 461 4 969 21 906 581 657 372 198 340 527 951 889 117 673 955 992 414 790 
635 397 113 810 216 257 486 748 643 567 616 751 658 163 206 398 391 955 805 179 
943 629 357 505 457 865 633 632 893 288 619 161 88 157 23 596 805 442 742 118 
333 839 702 630 11 527 40 994 49 67 595 38 783 643 983 269 758 162 916 946 
551 289 419 753 537 103 454 26 299 783 60 398 78 362 87 141 279 488 586 799 
996 665 493 185 229 888 467 731 149 778 390 695 808 12 657 165 303 931 901 341 
314 855 296 908 878 27 532 266 471 910 980 275 407 253 948 78 408 941 809 82 
103 28 79 695 337 399 154 884 346 953 694 677 723 467 59 551 908 567 91 959 
387 585 734 935 27 416 705 371 473 305 458 476 731 229 142 570 66 628 183 287 
801 490 760 977 422 817 635 889 448 960 958 674 618 2 112 715 80 513 338 993 
831 876 540 879 786 87 733 375 946 731 232 102 677 941 91 923 866 35 530 64 
260 29 83 372 245 576 827 135 125 448 25 608 915 551 705 380 427 545 444 440 
721 971 237 641 621 251 279 393 0 481 462 877 901 142 324 212 371 115 573 371 
435 206 540 383 485 81 743 419 455 628 857 827 392 4 886 639 458 675 284 76 
559 137 137 711 646 979 367 396 661 892 727 414 617 82 725 456 484 218 968 859 
846 902 693 569 215 718 780 649 884 781 827 92 536 917 169 72 637 997 430 858 
499 106 650 146 223 148 251 233 952 339 602 382 679 17 272 738 773 626 269 880 
538 913 530 601 946 197 928 582 194 500 864 503 596 654 148 101 679 789 389 323 
419 515 391 554 211 397 210 605 371 703 619 658 396 496 82 962 366 279 229 522 
742 334 853 739 920 54 247 864 815 700 245 374 434 746 222 528 337 777 956 715 
105 85 844 127 379 265 4 808 92 629 336 452 416 357 413 478 929 828 185 442 
103 889 522 234 112 497 735 880 362 205 860 813 93 605 410 89 279 732 646 740 
747 638 729 660 922 40 392 600 404 119 884 429 192 676 220 790 282 623 18 770 
229 41 36 681 250 254 764 230 63 722 962 628 675 395 871 946 441 632 702 488 
620 0 783 535 834 622 475 364 571 908 375 709 291 422 194 839 742 488 497 56 
572 138 966 312 782 915 909 533 496 692 391 31 870 542 465 129 724 438 719 82 
161 832 326 635 772 563 184 9 226 387 491 957 822 660 44 138 226 606 968 534 
780 556 803 853 477 673 36 627 430 77 753 505 724 804 839 762 839 224 149 949 
453 32 537 213 932 49 875 952 191 876 857 109 632 408 114 546 87 18 279 637 
162 34 671 465 190 391 98 267 764 477 296 389 896 126 411 458 198 840 274 35 
654 758 904 610 562 977 636 742 764 896 426 814 302 421 706 297 44 626 503 373 
228 939 971 559 818 302 105 443 93 881 587 11 614 979 581 437 186 534 210 504 
206 555 461 240 106 358 618 539 33 699 903 194 87 537 813 660 508 191 523 503 
193 333 525 400 792 195 881 413 297 127 274 706 58 171 280 345 7 46 304 533 
690 732 128 496 69 512 830 163 277 513 857 399 481 434 168 762 4 759 938 180 
327 189 638 650 762 81 531 378 308 692 490 56 42 773 691 97 308 647 94 510 
694 220 444 707 118 667 356 392 785 182 409 568 115 623 172 913 318 84 311 547 
490 120 202 388 671 564 857 235 351 270 509 179 887 193 138 427 367 893 833 324 
232 136 631 922 142 181 814 574 678 372 162 339 137 931 831 81 649 11 801 734 
844 789 347 315 703 239 172 606 437 218 871 92 928 294 155 314 527 160 634 451 
889 602 613 668 776 268 600 886 377 714 450 540 148 157 944 102 319 559 603 717 
407 825 646 969 786 183 516 95 567 935 234 558 719 821 873 28 576 587 335 596 
207 663 414 252 726 869 701 996 398 583 93 817 999 442 631 962 669 27 932 42 
661 122 349 952 729 310 900 804 576 424 387 435 818 852 284 285 450 734 384 116 
397 905 59 848 106 646 592 817 770 283 602 748 154 722 779 425 39 739 568 500 
993 92 780 203 915 896 99 944 602 638 594 392 795 44 670 874 498 252 738 548 
769 262 406 227 30 973 156 737 720 710 499 972 683 446 298 596 921 340 117 653 
99 479 764 718 561 681 469 545 119 924 502 140 905 508 975 79 376 966 944 920 
173 518 767 427 141 191 93 118 821 191 809 956 272 233 388 727 991 959 287 395 
784 103 218 313 675 725 855 258 760 330 207 741 53 620 659 731 271 38 917 8 
391 617 863 516 87 186 100 787 868 950 102 850 718 76 56 291 830 778 109 138 
552 475 841 937 273 935 143 98 618 779 586 475 662 482 647 582 152 404 58 305 
769 119 177 916 553 139 247 33 915 762 714 145 598 888 342 516 304 775 170 97 
134 518 516 463 922 275 513 58 252 799 560 891 525 393 688 721 559 437 622 773 
265 398 628 357 618 137 270 686 875 149 678 183 178 904 187 956 252 251 262 200 
43 57 197 887 993 628 491 51 651 353 311 709 937 869 260 975 205 31 249 463 
738 759 282 166 983 128 447 369 756 523 444 384 820 412 929 142 52 840 730 505 
147 655 113 10 546 287 234 550 126 993 808 62 900 704 814 972 188 463 441 928 
793 665 524 106 824 175 780 8 143 742 461 570 776 352 588 116 501 156 158 524 
558 224 1 669 162 541 322 418 842 955 679 287 516 415 182 213 398 203 374 805 
425 973 956 623 905 298 896 203 698 981 553 919 549 234 486 274 347 992 71 904 
401 966 275 607 100 973 851 442 63 663 399 892 619 334 703 624 775 896 797 718 
56 121 457 648 322 81 285 302 536 472 3 718 424 936 99 88 746 930 105 649 
211 499 911 295 933 88 406 421 337 551 651 774 288 168 824 743 206 132 184 448 
136 325 583 500 647 79 465 362 910 574 810 506 177 271 30 612 902 659 218 213 
112 825 882 59 897 107 820 356 472 68 637 146 740 288 420 777 984 925 444 332 
71 121 741 877 865 12 476 644 783 399 505 89 331 981 978 461 340 385 367 990 
265 112 398 330 35 328 640 431 448 313 475 639 270 483 889 441 428 369 265 158 
623 589 621 490 868 899 332 604 168 610 64 271 904 800 50 905 966 805 52 228 
234 396 64 428 266 733 464 768 586 535 317 964 263 204 828 974 696 4 94 383 
190 319 959 941 582 213 9 279 733 544 145 521 172 333 82 808 147 103 889 776 
234 244 849 836 798 380 912 453 737 495 785 432 702 742 315 865 131 742 59 596 
327 760 694 781 734 900 697 166 723 55 36 274 445 546 139 55 581 950 799 497 
551 420 294 581 327 274 150 795 558 91 280 272 997 133 386 906 801 650 213 853 
360 447 993 653 163 265 837 869 524 672 707 256 337 604 35 703 410 232 159 298 
280 508 352 690 14 504 359 70 893 445 230 956 682 62 832 731 971 839 189 30 
794 701 227 4 168 414 562 638 854 402 718 368 816 786 555 203 211 640 732 874 
705 927 180 836 874 381 305 370 861 950 741 562 815 186 239 131 595 834 721 497 
820 191 723 811 95 564 1 203 140 237 609 806 37 584 863 821 72 578 380 859 
466 125 636 456 573 905 303 917 971 321 730 593 259 8 751 324 756 723 634 50 
680 688 238 634 867 679 143 511 739 456 241 838 594 669 385 673 305 329 658 996 
360 178 100 279 612 115 592 491 240 525 462 72 663 311 154 85 808 788 485 706 
364 812 56 763 692 965 30 446 510 859 66 351 465 21 247 569 646 10 719 248 
467 940 862 404 786 357 40 705 655 799 415 709 690 72 905 50 313 941 746 740 
474 822 199 853 863 11 579 824 850 349 892 882 692 856 272 615 697 463 93 924 
302 145 830 865 486 587 621 162 720 70 773 262 509 242 479 495 537 619 944 835 
504 714 248 570 883 864 502 545 835 503 194 759 821 337 923 182 543 709 482 684 
282 902 183 987 952 71 475 853 648 93 182 364 679 387 441 72 345 172 654 2 
433 276 903 650 925 127 253 708 678 879 986 856 542 768 880 90 163 654 811 159 
227 761 269 977 704 808 41 572 94 764 434 298 978 206 300 852 734 652 443 995 
498 768 307 270 685 305 136 252 989 798 487 228 715 264 13 211 162 343 134 838 
713 936 144 17 983 718 914 743 239 823 487 794 100 976 375 870 767 235 287 425 
375 7 24 302 191 17 822 802 198 58 722 990 267 65 154 942 984 91 183 121 
377 560 672 899 140 32 797 951 787 285 502 993 216 410 852 899 376 284 632 526 
980 945 788 267 924 535 199 362 308 373 69 835 419 168 653 532 761 623 932 234 
850 799 779 915 737 366 925 500 166 570 52 662 394 922 532 334 491 808 311 301 
771 469 978 157 118 957 920 726 900 133 822 23 3 362 719 49 881 627 337 632 
96 762 680 923 891 71 65 135 720 662 890 823 751 746 0 407 26 786 256 944 
284 874 954 974 167 405 987 825 921 178 170 713 343 221 21 61 477 167 789 806 
468 648 400 655 109 964 205 328 942 588 581 692 130 855 800 863 901 904 381 108 
849 858 23 277 722 689 412 564 113 683 247 67 767 935 137 567 272 884 883 786 
234 613 879 208 446 707 280 890 174 380 231 802 984 507 103 750 458 920 484 888 
318 250 503 989 752 161 533 829 918 889 769 227 215 116 734 933 31 63 298 534 
362 432 232 778 134 590 676 370 950 209 468 761 405 660 765 533 40 817 780 682 
983 59 583 988 605 737 26 347 405 178 438 700 480 436 143 646 132 34 149 570 
935 701 966 646 173 937 761 547 46 468 974 102 196 635 957 988 459 589 540 130 
649 540 36 412 184 313 94 748 602 695 914 61 861 547 641 744 215 730 900 927 
667 692 739 569 76 87 43 341 546 631 818 770 403 261 341 278 308 366 276 469 
424 589 347 749 279 979 221 223 379 918 572 529 671 376 604 66 401 746 905 437 
505 136 541 418 490 918 583 793 553 835 713 857 500 429 504 352 686 310 801 291 
72 5 82 256 697 256 855 546 432 937 359 93 385 382 222 267 831 14 211 807 
266 112 29 303 529 86 889 479 913 859 543 124 190 728 255 134 561 309 918 465 
764 614 901 709 106 267 435 245 834 981 122 54 965 366 912 329 461 665 527 626 
737 26 974 865 654 214 593 609 721 126 47 15 242 960 11 341 531 463 358 16 
466 412 194 391 578 540 186 29 273 124 352 105 341 987 918 699 944 55 50 178 
38 307 564 660 973 783 849 629 628 416 765 980 415 594 757 258 370 659 435 468 
732 657 517 651 246 767 568 779 259 236 96 760 19 533 388 296 851 124 560 332 
311 424 730 40 930 511 817 750 85 58 915 446 94 616 391 818 451 933 410 990 
128 204 581 93 805 27 270 394 796 414 270 100 825 327 692 838 283 308 904 549 
802 617 874 267 177 280 556 812 293 62 69 727 567 799 640 567 719 325 564 323 
985 13 253 163 133 275 923 748 769 56 457 221 10 760 233 203 283 625 581 194 
284 112 233 117 615 326 320 927 183 507 685 27 386 514 299 410 297 430 526 651 
173 755 668 687 140 224 206 29 44 787 179 875 575 285 655 791 104 248 887 37 
565 966 649 882 990 132 650 312 557 567 439 930 838 333 872 755 729 824 74 26 
813 598 349 425 727 93 453 582 123 725 356 881 107 174 536 303 278 779 993 231 
794 471 197 171 133 183 463 353 720 384 254 978 733 51 234 226 939 894 581 130 
552 78 655 795 454 841 562 908 57 296 999 645 528 772 400 996 681 321 208 224 
466 577 456 869 973 834 500 88 820 58 53 275 758 89 928 2 896 65 239 583 
392 218 254 387 686 881 249 998 131 993 395 538 422 850 762 187 725 329 722 401 
849 33 487 592 206 168 71 79 897 413 911 953 66 241 93 641 836 747 542 737 
923 841 225 581 294 963 315 459 436 546 228 910 683 577 98 931 775 955 660 491 
257 837 522 378 728 989 836 15 956 404 608 581 752 200 880 690 815 757 323 878 
883 492 258 246 386 460 165 106 978 481 720 283 254 530 617 953 978 551 947 164 
659 427 447 562 339 102 529 392 203 79 897 212 561 800 572 931 125 297 802 206 
279 242 257 394 507 531 266 280 207 638 642 170 972 704 588 287 427 972 20 569 
778 857 911 125 991 797 842 299 245 249 720 751 933 126 728 111 806 424 982 693 
368 195 353 927 557 900 389 261 553 929 418 915 35 331 372 625 485 507 492 111 
265 787 231 68 988 254 574 145 584 570 734 33 364 557 960 756 486 294 580 333 
740 789 769 320 879 54 120 151 378 114 858 711 42 927 711 455 981 369 913 489 
680 944 696 108 964 524 559 561 704 406 719 244 341 529 35 718 550 585 291 881 
798 499 28 795 375 997 600 942 776 679 851 559 807 762 806 998 119 288 695 597 
99 605 432 317 660 820 926 237 999 333 157 29 595 469 771 714 473 102 242 298 
188 785 938 123 620 321 599 750 110 506 894 778 662 266 173 303 328 494 604 287 
818 248 55 244 174 224 605 406 879 961 510 795 362 286 944 68 880 996 210 918 
472 993 365 598 562 613 768 457 1 312 443 699 473 597 151 445 970 197 732 461 
850 535 874 209 698 638 852 403 522 403 377 556 767 493 69 674 606 183 104 76 
57 497 269 424 65 417 214 826 436 979 798 288 282 862 639 283 851 762 93 489 
123 311 363 921 344 447 876 46 243 519 669 888 965 433 657 767 413 598 308 777 
287 322 973 718 174 64 710 35 805 272 549 572 899 191 568 309 45 454 180 266 
328 13 783 125 152 897 327 384 666 35 634 428 257 443 799 401 471 37 589 911 
265 411 619 252 473 131 224 983 502 810 516 613 126 65 62 290 135 664 751 819 
387 704 222 945 642 485 110 871 756 451 310 168 959 416 847 251 109 763 395 945 
138 972 171 649 773 692 26 856 389 902 617 735 78 662 402 696 227 216 649 786 
254 364 39 797 174 153 529 175 249 496 209 465 634 859 419 356 348 917 491 32 
944 939 61 917 811 204 869 555 52 405 144 688 60 72 546 224 687 949 409 450 
434 353 162 16 926 783 675 303 500 845 105 296 624 568 435 966 139 242 382 896 
252 211 771 938 983 949 358 447 65 293 679 922 387 831 814 110 741 752 107 177 
124 354 884 96 511 740 539 671 718 464 839 65 148 722 689 551 935 149 674 132 
669 599 516 24 234 808 558 458 831 471 99 324 917 406 373 618 170 104 157 643 
611 871 895 908 155 490 740 897 467 439 224 749 579 749 542 75 975 174 384 46 
741 35 251 134 822 505 18 548 500 466 754 145 523 7 110 546 410 692 748 462 
76 828 103 202 434 479 598 749 787 361 653 824 735 5 843 193 352 466 564 848 
882 100 776 256 565 726 340 530 377 503 751 623 593 403 239 205 898 60 973 68 
718 415 718 249 404 100 371 899 963 649 356 908 263 902 889 713 490 198 41 454 
239 956 702 340 563 332 856 132 429 84 169 713 223 626 369 513 829 736 316 540 
214 494 800 161 305 998 203 372 226 134 733 644 972 313 73 693 633 23 82 937 
432 143 444 948 399 130 928 80 649 489 604 758 377 449 674 238 232 678 48 673 
572 559 72 397 345 232 784 417 628 269 573 2 182 758 196 925 285 837 314 613 
225 632 148 311 830 579 817 581 293 390 198 712 968 807 10 513 382 601 436 66 
475 869 121 216 132 71 811 147 490 205 510 50 245 364 5 617 586 188 900 292 
992 812 415 936 31 224 331 64 130 930 611 846 583 168 279 970 605 229 423 8 
101 306 638 525 652 45 517 906 840 426 965 516 392 482 138 147 17 538 188 553 
430 429 111 318 160 588 269 162 639 765 82 250 311 218 345 751 878 500 710 299 
190 223 347 901 510 935 790 263 53 715 27 294 842 770 182 393 893 867 612 886 
530 145 51 970 720 799 415 568 917 944 54 35 340 122 750 527 225 100 781 861 
444 38 433 29 21 247 290 873 575 517 893 279 135 760 578 920 799 288 696 927 
782 57 239 708 939 140 174 281 602 832 662 564 901 632 519 775 111 390 114 444 
173 128 830 677 102 699 359 435 965 166 868 677 516 912 936 796 739 140 755 253 
801 683 505 190 9 634 532 820 513 119 549 844 760 70 441 456 30 977 538 973 
273 991 675 707 645 812 264 132 435 530 693 801 469 133 830 137 760 261 15 883 
419 816 173 999 583 559 109 424 616 770 11 876 652 870 765 871 25 685 793 436 
595 798 252 486 278 591 605 390 785 505 882 958 44 491 545 654 835 817 745 196 
43 718 586 841 437 216 314 66 233 923 538 244 429 209 833 908 693 624 15 589 
893 972 876 539 397 383 209 208 508 150 167 821 752 854 55 684 373 759 331 851 
173 847 35 51 86 570 594 402 666 497 690 262 531 744 36 91 973 661 853 647 
73 173 254 619 511 673 427 341 843 538 958 364 468 936 732 867 57 305 368 738 
476 168 247 753 252 284 308 350 293 115 221 841 875 47 950 414 807 64 156 867 
640 833 868 171 302 367 293 122 4 311 516 258 356 759 519 293 551 297 395 252 
205 308 665 15 665 707 799 998 688 377 915 671 196 77 870 113 117 243 366 369 
535 99 996 739 633 550 784 235 333 334 905 4 740 653 826 513 300 705 945 666 
460 358 361 281 350 941 66 998 374 596 280 280 59 957 370 997 356 52 3 819 
373 723 742 319 794 264 22 335 579 601 596 451 680 983 60 345 815 409 930 906 
332 386 345 342 232 486 28 279 133 168 889 101 88 872 410 110 984 716 22 528 
711 268 560 121 239 618 334 167 246 546 997 884 501 502 322 469 277 365 660 875 
827 733 369 561 302 966 246 558 718 977 347 798 7 889 477 484 975 329 182 99 
404 191 402 253 649 759 188 923 131 514 857 807 559 272 818 494 14 36 416 354 
659 712 195 967 956 961 819 12 824 339 355 916 225 264 115 534 873 437 365 321 
601 470 738 836 240 243 294 853 97 355 921 385 496 744 983 748 686 290 891 217 
675 569 287 211 516 461 167 749 989 673 799 167 136 312 561 690 342 262 604 174 
62 577 130 810 244 361 576 900 732 926 595 114 511 98 625 0 29 327 958 194 
604 602 40 85 591 896 109 137 291 407 236 417 598 600 705 294 104 12 821 609 
39 69 669 688 270 238 465 883 853 645 952 903 119 520 698 514 463 390 534 144 
69 920 198 822 264 400 911 469 372 304 781 177 654 157 911 659 213 926 655 580 
556 816 213 338 653 116 292 320 656 811 356 953 452 200 642 589 29 495 613 471 
63 77 202 494 338 944 259 251 862 24 955 930 505 15 405 309 423 309 558 717 
713 182 623 538 937 112 704 197 269 487 738 404 290 796 579 334 418 494 943 191 
993 631 877 126 549 730 488 518 132 947 447 42 355 608 984 76 116 678 968 87 
231 520 45 411 348 155 552 826 703 181 261 409 942 232 613 248 639 993 22 709 
973 502 129 982 173 200 453 319 300 620 538 979 107 744 432 69 630 477 49 985 
105 695 412 639 763 245 571 264 136 917 936 132 234 911 987 347 632 454 111 914 
826 50 894 249 963 465 322 994 247 543 678 949 943 499 892 818 611 781 912 958 
576 621 452 2 154 573 853 831 907 338 870 87 589 79 37 160 732 690 739 538 
640 67 727 668 946 138 261 618 820 112 170 1 598 841 395 502 302 513 7 484 
279 437 475 260 206 907 413 794 297 44 75 21 200 688 4 287 945 699 447 214 
591 207 938 187 18 322 422 625 501 218 714 704 436 878 268 594 620 502 151 653 
640 926 250 35 184 206 461 766 485 814 210 520 843 961 721 194 61 119 787 563 
832 336 684 779 241 797 427 753 264 457 900 826 457 816 88 139 32 654 338 185 
981 195 910 718 520 198 469 287 55 368 812 476 166 211 382 119 894 715 959 904 
361 291 450 521 781 970 941 630 279 919 20 279 722 331 435 193 128 903 120 849 
503 982 184 331 632 348 416 482 541 623 703 953 160 756 115 297 52 493 529 844 
414 122 873 602 939 789 345 601 121 291 57 154 86 952 886 297 918 946 379 518 
731 361 869 770 397 229 654 372 653 728 404 549 20 541 251 592 969 450 960 566 
819 434 415 592 356 278 40 279 199 133 613 457 891 849 192 500 135 780 738 544 
72 635 183 552 170 154 416 578 92 433 969 983 495 405 476 140 736 577 525 682 
443 734 376 188 82 248 544 23 927 180 793 270 207 951 848 863 959 97 154 239 
459 10 658 717 749 667 39 662 826 240 893 421 107 196 139 414 315 565 93 955 
348 354 226 54 360 955 449 528 740 200 391 609 95 925 612 137 900 612 816 910 
403 203 992 143 743 199 125 33 700 121 143 648 767 160 357 592 707 7 400 28 
657 457 345 606 503 539 552 345 60 328 503 452 579 714 966 463 854 584 704 987 
525 11 62 957 808 917 490 395 369 12 647 651 413 323 375 504 988 451 493 181 
903 64 548 511 177 334 631 38 737 886 531 877 952 643 514 243 118 338 145 633 
337 417 500 884 665 879 593 693 565 877 50 991 818 531 7 432 358 166 563 956 
248 801 406 887 546 505 299 66 905 62 290 56 476 750 641 721 396 204 791 686 
891 809 673 621 760 834 528 912 993 395 474 577 962 721 880 625 54 94 281 26 
330 961 109 537 362 316 277 888 79 234 744 882 494 784 409 888 703 3 599 996 
59 979 373 301 15 199 955 978 321 753 924 922 649 763 771 604 906 498 983 618 
745 906 678 267 77 186 369 344 343 305 229 391 940 192 634 423 800 714 79 564 
